Model:
0, 5	1, 5	14, 5	0, 5
0, 5	4, 5	10, 8	0, 5
0, 5	1, 5	3, 5	14, 5
0, 5	1, 5	13, 7	0, 5
> size (4 x 4); perm None; time 0.04ms; length 23

Matrix (easy_perm): 24
0, 5	1, 5	13, 7	0, 5	N, N	N, N	N, N	N, N
N, N	0, 5	N, N	1, 5	14, 5	0, 5	N, N	N, N
N, N	N, N	0, 5	N, N	N, N	1, 5	3, 5	14, 5
N, N	N, N	N, N	N, N	0, 5	4, 5	10, 8	0, 5
> size (4 x 8); perm [3, 0, 2, 1]; time 3.66ms; length 45

Schedule (normal duration):
[0, 5, 0, 3, 0]
[5, 5, 1, 3, 1]
[5, 5, 0, 0, 1]
[10, 7, 13, 3, 2]
[10, 5, 0, 2, 2]
[15, 5, 0, 3, 3]
[15, 5, 1, 0, 3]
[20, 5, 14, 0, 4]
[20, 5, 0, 1, 4]
[25, 5, 0, 0, 5]
[25, 5, 1, 2, 5]
[25, 5, 4, 1, 5]
[30, 5, 3, 2, 6]
[30, 8, 10, 1, 6]
[38, 5, 14, 2, 7]
[38, 5, 0, 1, 7]

Matrix (circular_perm): 6
0, 5	1, 5	14, 5	0, 5	N, N	N, N	N, N	N, N
N, N	0, 5	N, N	1, 5	13, 7	0, 5	N, N	N, N
N, N	N, N	0, 5	N, N	N, N	1, 5	3, 5	14, 5
N, N	N, N	N, N	N, N	0, 5	4, 5	10, 8	0, 5
> size (4 x 8); perm [0, 3, 2, 1]; time 0.90ms; length 45

Schedule (normal duration):
[0, 5, 0, 0, 0]
[5, 5, 1, 0, 1]
[5, 5, 0, 3, 1]
[10, 5, 14, 0, 2]
[10, 5, 0, 2, 2]
[15, 5, 0, 0, 3]
[15, 5, 1, 3, 3]
[20, 7, 13, 3, 4]
[20, 5, 0, 1, 4]
[25, 5, 0, 3, 5]
[25, 5, 1, 2, 5]
[25, 5, 4, 1, 5]
[30, 5, 3, 2, 6]
[30, 8, 10, 1, 6]
[38, 5, 14, 2, 7]
[38, 5, 0, 1, 7]

Matrix (easy_shift): 4
0, 5	1, 5	13, 7	0, 5	N, N	N, N	N, N	N, N	N, N
N, N	0, 5	N, N	1, 5	14, 5	0, 5	N, N	N, N	N, N
N, N	N, N	0, 5	4, 5	N, N	10, 8	0, 5	N, N	N, N
N, N	N, N	N, N	N, N	0, 5	N, N	1, 5	3, 5	14, 5
> size (4 x 9); perm [3, 0, 1, 2]; time 0.76ms; length 50

Schedule (normal duration):
[0, 5, 0, 3, 0]
[5, 5, 1, 3, 1]
[5, 5, 0, 0, 1]
[10, 7, 13, 3, 2]
[10, 5, 0, 1, 2]
[15, 5, 0, 3, 3]
[15, 5, 1, 0, 3]
[15, 5, 4, 1, 3]
[20, 5, 14, 0, 4]
[20, 5, 0, 2, 4]
[25, 5, 0, 0, 5]
[25, 8, 10, 1, 5]
[33, 5, 0, 1, 6]
[33, 5, 1, 2, 6]
[38, 5, 3, 2, 7]
[43, 5, 14, 2, 8]

Matrix (cyclic_shift): 12
0, 5	1, 5	13, 7	0, 5	N, N	N, N	N, N	N, N
N, N	0, 5	N, N	1, 5	14, 5	0, 5	N, N	N, N
N, N	N, N	0, 5	N, N	N, N	1, 5	3, 5	14, 5
N, N	N, N	N, N	N, N	0, 5	4, 5	10, 8	0, 5
> size (4 x 8); perm [3, 0, 2, 1]; time 1.83ms; length 45

Schedule (normal duration):
[0, 5, 0, 3, 0]
[5, 5, 1, 3, 1]
[5, 5, 0, 0, 1]
[10, 7, 13, 3, 2]
[10, 5, 0, 2, 2]
[15, 5, 0, 3, 3]
[15, 5, 1, 0, 3]
[20, 5, 14, 0, 4]
[20, 5, 0, 1, 4]
[25, 5, 0, 0, 5]
[25, 5, 1, 2, 5]
[25, 5, 4, 1, 5]
[30, 5, 3, 2, 6]
[30, 8, 10, 1, 6]
[38, 5, 14, 2, 7]
[38, 5, 0, 1, 7]

Matrix (random_array): 12
0, 5	1, 5	14, 5	0, 5	N, N	N, N	N, N	N, N
N, N	0, 5	N, N	1, 5	13, 7	0, 5	N, N	N, N
N, N	N, N	0, 5	N, N	N, N	1, 5	3, 5	14, 5
N, N	N, N	N, N	N, N	0, 5	4, 5	10, 8	0, 5
> size (4 x 8); perm [0, 3, 2, 1]; time 1.78ms; length 45

Schedule (normal duration):
[0, 5, 0, 0, 0]
[5, 5, 1, 0, 1]
[5, 5, 0, 3, 1]
[10, 5, 14, 0, 2]
[10, 5, 0, 2, 2]
[15, 5, 0, 0, 3]
[15, 5, 1, 3, 3]
[20, 7, 13, 3, 4]
[20, 5, 0, 1, 4]
[25, 5, 0, 3, 5]
[25, 5, 1, 2, 5]
[25, 5, 4, 1, 5]
[30, 5, 3, 2, 6]
[30, 8, 10, 1, 6]
[38, 5, 14, 2, 7]
[38, 5, 0, 1, 7]

--------------------------------------------------------------------------------

Optimal Schedule Length: 35
13.68212890625
Optimal Schedule Length: 35
13.31982421875
Optimal Schedule Length: 35
12.98828125
Optimal Schedule Length: 35
12.356201171875
[0, 5, 0, 0, 0]
[5, 5, 0, 1, 1]
[5, 5, 1, 0, 1]
[10, 5, 0, 3, 2]
[10, 5, 4, 1, 2]
[10, 5, 14, 0, 2]
[15, 5, 0, 2, 3]
[15, 5, 1, 3, 3]
[15, 8, 10, 1, 3]
[20, 5, 0, 0, 4]
[20, 5, 1, 2, 4]
[20, 7, 13, 3, 4]
[25, 5, 0, 1, 5]
[25, 5, 3, 2, 5]
[30, 5, 0, 3, 6]
[30, 5, 14, 2, 6]

