Model:
0, 5	1, 5	2, 5	7, 6	14, 5	4, 5	0, 5
0, 5	4, 5	3, 5	10, 7	6, 7	4, 5	0, 5
0, 5	1, 5	2, 5	9, 6	7, 6	14, 5	0, 5
0, 5	1, 5	7, 7	11, 6	5, 6	4, 5	0, 5
0, 5	4, 5	2, 5	8, 9	3, 5	14, 5	0, 5
0, 5	4, 5	7, 6	5, 9	6, 8	14, 5	0, 5
0, 5	1, 5	9, 6	13, 8	3, 5	4, 5	0, 5
> size (7 x 7); perm None; time 0.06ms; length 44

Matrix (easy_perm): 5040
0, 5	1, 5	2, 5	7, 6	14, 5	4, 5	0, 5	N, N	N, N	N, N	N, N	N, N	N, N	N, N	N, N
N, N	0, 5	1, 5	9, 6	N, N	13, 8	3, 5	4, 5	0, 5	N, N	N, N	N, N	N, N	N, N	N, N
N, N	N, N	0, 5	4, 5	3, 5	N, N	10, 7	6, 7	4, 5	0, 5	N, N	N, N	N, N	N, N	N, N
N, N	N, N	N, N	0, 5	4, 5	7, 6	5, 9	N, N	6, 8	14, 5	0, 5	N, N	N, N	N, N	N, N
N, N	N, N	N, N	N, N	0, 5	N, N	N, N	1, 5	7, 7	N, N	11, 6	5, 6	4, 5	0, 5	N, N
N, N	N, N	N, N	N, N	N, N	0, 5	4, 5	2, 5	8, 9	3, 5	N, N	14, 5	0, 5	N, N	N, N
N, N	N, N	N, N	N, N	N, N	N, N	N, N	0, 5	1, 5	2, 5	9, 6	7, 6	14, 5	N, N	0, 5
> size (7 x 15); perm [0, 6, 1, 5, 3, 4, 2]; time 1788.45ms; length 91

Schedule (normal duration):
[0, 5, 0, 0, 0]
[5, 5, 1, 0, 1]
[5, 5, 0, 6, 1]
[10, 5, 2, 0, 2]
[10, 5, 1, 6, 2]
[10, 5, 0, 1, 2]
[15, 6, 7, 0, 3]
[15, 6, 9, 6, 3]
[15, 5, 4, 1, 3]
[15, 5, 0, 5, 3]
[20, 5, 14, 0, 4]
[20, 5, 3, 1, 4]
[20, 5, 4, 5, 4]
[20, 5, 0, 3, 4]
[25, 5, 4, 0, 5]
[25, 8, 13, 6, 5]
[25, 6, 7, 5, 5]
[25, 5, 0, 4, 5]
[30, 5, 0, 0, 6]
[30, 5, 3, 6, 6]
[30, 7, 10, 1, 6]
[30, 9, 5, 5, 6]
[30, 5, 4, 4, 6]
[35, 5, 4, 6, 7]
[35, 7, 6, 1, 7]
[35, 5, 1, 3, 7]
[35, 5, 2, 4, 7]
[35, 5, 0, 2, 7]
[40, 5, 0, 6, 8]
[40, 5, 4, 1, 8]
[40, 8, 6, 5, 8]
[40, 7, 7, 3, 8]
[40, 9, 8, 4, 8]
[40, 5, 1, 2, 8]
[45, 5, 0, 1, 9]
[45, 5, 14, 5, 9]
[45, 5, 3, 4, 9]
[45, 5, 2, 2, 9]
[50, 5, 0, 5, 10]
[50, 6, 11, 3, 10]
[50, 6, 9, 2, 10]
[56, 6, 5, 3, 11]
[56, 5, 14, 4, 11]
[56, 6, 7, 2, 11]
[62, 5, 4, 3, 12]
[62, 5, 0, 4, 12]
[62, 5, 14, 2, 12]
[67, 5, 0, 3, 13]
[72, 5, 0, 2, 14]

Matrix (circular_perm): 720
0, 5	1, 5	2, 5	7, 6	14, 5	4, 5	0, 5	N, N	N, N	N, N	N, N	N, N	N, N	N, N	N, N
N, N	0, 5	1, 5	9, 6	N, N	13, 8	3, 5	4, 5	0, 5	N, N	N, N	N, N	N, N	N, N	N, N
N, N	N, N	0, 5	4, 5	3, 5	N, N	10, 7	6, 7	4, 5	0, 5	N, N	N, N	N, N	N, N	N, N
N, N	N, N	N, N	0, 5	4, 5	7, 6	5, 9	N, N	6, 8	14, 5	0, 5	N, N	N, N	N, N	N, N
N, N	N, N	N, N	N, N	0, 5	N, N	N, N	1, 5	7, 7	N, N	11, 6	5, 6	4, 5	0, 5	N, N
N, N	N, N	N, N	N, N	N, N	0, 5	4, 5	2, 5	8, 9	3, 5	N, N	14, 5	0, 5	N, N	N, N
N, N	N, N	N, N	N, N	N, N	N, N	N, N	0, 5	1, 5	2, 5	9, 6	7, 6	14, 5	N, N	0, 5
> size (7 x 15); perm [0, 6, 1, 5, 3, 4, 2]; time 251.66ms; length 91

Schedule (normal duration):
[0, 5, 0, 0, 0]
[5, 5, 1, 0, 1]
[5, 5, 0, 6, 1]
[10, 5, 2, 0, 2]
[10, 5, 1, 6, 2]
[10, 5, 0, 1, 2]
[15, 6, 7, 0, 3]
[15, 6, 9, 6, 3]
[15, 5, 4, 1, 3]
[15, 5, 0, 5, 3]
[20, 5, 14, 0, 4]
[20, 5, 3, 1, 4]
[20, 5, 4, 5, 4]
[20, 5, 0, 3, 4]
[25, 5, 4, 0, 5]
[25, 8, 13, 6, 5]
[25, 6, 7, 5, 5]
[25, 5, 0, 4, 5]
[30, 5, 0, 0, 6]
[30, 5, 3, 6, 6]
[30, 7, 10, 1, 6]
[30, 9, 5, 5, 6]
[30, 5, 4, 4, 6]
[35, 5, 4, 6, 7]
[35, 7, 6, 1, 7]
[35, 5, 1, 3, 7]
[35, 5, 2, 4, 7]
[35, 5, 0, 2, 7]
[40, 5, 0, 6, 8]
[40, 5, 4, 1, 8]
[40, 8, 6, 5, 8]
[40, 7, 7, 3, 8]
[40, 9, 8, 4, 8]
[40, 5, 1, 2, 8]
[45, 5, 0, 1, 9]
[45, 5, 14, 5, 9]
[45, 5, 3, 4, 9]
[45, 5, 2, 2, 9]
[50, 5, 0, 5, 10]
[50, 6, 11, 3, 10]
[50, 6, 9, 2, 10]
[56, 6, 5, 3, 11]
[56, 5, 14, 4, 11]
[56, 6, 7, 2, 11]
[62, 5, 4, 3, 12]
[62, 5, 0, 4, 12]
[62, 5, 14, 2, 12]
[67, 5, 0, 3, 13]
[72, 5, 0, 2, 14]

Matrix (easy_shift): 7
0, 5	1, 5	2, 5	7, 6	14, 5	4, 5	0, 5	N, N	N, N	N, N	N, N	N, N	N, N	N, N	N, N
N, N	0, 5	4, 5	3, 5	N, N	10, 7	6, 7	4, 5	0, 5	N, N	N, N	N, N	N, N	N, N	N, N
N, N	N, N	0, 5	1, 5	2, 5	9, 6	7, 6	14, 5	N, N	0, 5	N, N	N, N	N, N	N, N	N, N
N, N	N, N	N, N	0, 5	N, N	N, N	1, 5	7, 7	11, 6	5, 6	4, 5	0, 5	N, N	N, N	N, N
N, N	N, N	N, N	N, N	0, 5	N, N	4, 5	2, 5	8, 9	3, 5	14, 5	N, N	0, 5	N, N	N, N
N, N	N, N	N, N	N, N	N, N	0, 5	N, N	N, N	4, 5	7, 6	5, 9	6, 8	14, 5	0, 5	N, N
N, N	N, N	N, N	N, N	N, N	N, N	N, N	0, 5	N, N	1, 5	9, 6	13, 8	3, 5	4, 5	0, 5
> size (7 x 15); perm [0, 1, 2, 3, 4, 5, 6]; time 2.57ms; length 94

Schedule (normal duration):
[0, 5, 0, 0, 0]
[5, 5, 1, 0, 1]
[5, 5, 0, 1, 1]
[10, 5, 2, 0, 2]
[10, 5, 4, 1, 2]
[10, 5, 0, 2, 2]
[15, 6, 7, 0, 3]
[15, 5, 3, 1, 3]
[15, 5, 1, 2, 3]
[15, 5, 0, 3, 3]
[20, 5, 14, 0, 4]
[20, 5, 2, 2, 4]
[20, 5, 0, 4, 4]
[25, 5, 4, 0, 5]
[25, 7, 10, 1, 5]
[25, 6, 9, 2, 5]
[25, 5, 0, 5, 5]
[30, 5, 0, 0, 6]
[30, 7, 6, 1, 6]
[30, 6, 7, 2, 6]
[30, 5, 1, 3, 6]
[30, 5, 4, 4, 6]
[35, 5, 4, 1, 7]
[35, 5, 14, 2, 7]
[35, 7, 7, 3, 7]
[35, 5, 2, 4, 7]
[35, 5, 0, 6, 7]
[40, 5, 0, 1, 8]
[40, 6, 11, 3, 8]
[40, 9, 8, 4, 8]
[40, 5, 4, 5, 8]
[45, 5, 0, 2, 9]
[45, 6, 5, 3, 9]
[45, 5, 3, 4, 9]
[45, 6, 7, 5, 9]
[45, 5, 1, 6, 9]
[50, 5, 4, 3, 10]
[50, 5, 14, 4, 10]
[50, 9, 5, 5, 10]
[50, 6, 9, 6, 10]
[56, 5, 0, 3, 11]
[56, 8, 6, 5, 11]
[56, 8, 13, 6, 11]
[64, 5, 0, 4, 12]
[64, 5, 14, 5, 12]
[64, 5, 3, 6, 12]
[69, 5, 0, 5, 13]
[69, 5, 4, 6, 13]
[74, 5, 0, 6, 14]

Matrix (cyclic_shift): 42
0, 5	1, 5	2, 5	7, 6	14, 5	4, 5	0, 5	N, N	N, N	N, N	N, N	N, N	N, N	N, N	N, N
N, N	0, 5	4, 5	3, 5	N, N	10, 7	6, 7	4, 5	0, 5	N, N	N, N	N, N	N, N	N, N	N, N
N, N	N, N	0, 5	1, 5	2, 5	9, 6	7, 6	14, 5	N, N	0, 5	N, N	N, N	N, N	N, N	N, N
N, N	N, N	N, N	0, 5	N, N	N, N	1, 5	7, 7	11, 6	5, 6	4, 5	0, 5	N, N	N, N	N, N
N, N	N, N	N, N	N, N	0, 5	N, N	N, N	N, N	N, N	1, 5	9, 6	13, 8	3, 5	4, 5	0, 5
N, N	N, N	N, N	N, N	N, N	0, 5	4, 5	2, 5	8, 9	3, 5	14, 5	N, N	0, 5	N, N	N, N
N, N	N, N	N, N	N, N	N, N	N, N	N, N	0, 5	4, 5	7, 6	5, 9	6, 8	14, 5	0, 5	N, N
> size (7 x 15); perm [0, 1, 2, 3, 6, 4, 5]; time 17.79ms; length 94

Schedule (normal duration):
[0, 5, 0, 0, 0]
[5, 5, 1, 0, 1]
[5, 5, 0, 1, 1]
[10, 5, 2, 0, 2]
[10, 5, 4, 1, 2]
[10, 5, 0, 2, 2]
[15, 6, 7, 0, 3]
[15, 5, 3, 1, 3]
[15, 5, 1, 2, 3]
[15, 5, 0, 3, 3]
[20, 5, 14, 0, 4]
[20, 5, 2, 2, 4]
[20, 5, 0, 6, 4]
[25, 5, 4, 0, 5]
[25, 7, 10, 1, 5]
[25, 6, 9, 2, 5]
[25, 5, 0, 4, 5]
[30, 5, 0, 0, 6]
[30, 7, 6, 1, 6]
[30, 6, 7, 2, 6]
[30, 5, 1, 3, 6]
[30, 5, 4, 4, 6]
[35, 5, 4, 1, 7]
[35, 5, 14, 2, 7]
[35, 7, 7, 3, 7]
[35, 5, 2, 4, 7]
[35, 5, 0, 5, 7]
[40, 5, 0, 1, 8]
[40, 6, 11, 3, 8]
[40, 9, 8, 4, 8]
[40, 5, 4, 5, 8]
[45, 5, 0, 2, 9]
[45, 6, 5, 3, 9]
[45, 5, 1, 6, 9]
[45, 5, 3, 4, 9]
[45, 6, 7, 5, 9]
[51, 5, 4, 3, 10]
[51, 6, 9, 6, 10]
[51, 5, 14, 4, 10]
[51, 9, 5, 5, 10]
[60, 5, 0, 3, 11]
[60, 8, 13, 6, 11]
[60, 8, 6, 5, 11]
[68, 5, 3, 6, 12]
[68, 5, 0, 4, 12]
[68, 5, 14, 5, 12]
[73, 5, 4, 6, 13]
[73, 5, 0, 5, 13]
[78, 5, 0, 6, 14]

Matrix (random_array): 48
0, 5	1, 5	9, 6	13, 8	3, 5	4, 5	0, 5	N, N	N, N	N, N	N, N	N, N	N, N	N, N	N, N
N, N	0, 5	1, 5	2, 5	9, 6	7, 6	14, 5	0, 5	N, N	N, N	N, N	N, N	N, N	N, N	N, N
N, N	N, N	0, 5	4, 5	N, N	3, 5	N, N	10, 7	6, 7	4, 5	0, 5	N, N	N, N	N, N	N, N
N, N	N, N	N, N	0, 5	1, 5	N, N	7, 7	N, N	11, 6	5, 6	4, 5	0, 5	N, N	N, N	N, N
N, N	N, N	N, N	N, N	0, 5	N, N	4, 5	7, 6	5, 9	6, 8	14, 5	N, N	0, 5	N, N	N, N
N, N	N, N	N, N	N, N	N, N	0, 5	N, N	4, 5	2, 5	8, 9	3, 5	14, 5	N, N	0, 5	N, N
N, N	N, N	N, N	N, N	N, N	N, N	N, N	N, N	0, 5	1, 5	2, 5	7, 6	14, 5	4, 5	0, 5
> size (7 x 15); perm [6, 2, 1, 3, 5, 4, 0]; time 17.42ms; length 94

Schedule (normal duration):
[0, 5, 0, 6, 0]
[5, 5, 1, 6, 1]
[5, 5, 0, 2, 1]
[10, 6, 9, 6, 2]
[10, 5, 1, 2, 2]
[10, 5, 0, 1, 2]
[15, 8, 13, 6, 3]
[15, 5, 2, 2, 3]
[15, 5, 4, 1, 3]
[15, 5, 0, 3, 3]
[20, 5, 3, 6, 4]
[20, 6, 9, 2, 4]
[20, 5, 1, 3, 4]
[20, 5, 0, 5, 4]
[25, 5, 4, 6, 5]
[25, 6, 7, 2, 5]
[25, 5, 3, 1, 5]
[25, 5, 0, 4, 5]
[30, 5, 0, 6, 6]
[30, 5, 14, 2, 6]
[30, 7, 7, 3, 6]
[30, 5, 4, 5, 6]
[35, 5, 0, 2, 7]
[35, 7, 10, 1, 7]
[35, 6, 7, 5, 7]
[35, 5, 4, 4, 7]
[40, 7, 6, 1, 8]
[40, 6, 11, 3, 8]
[40, 9, 5, 5, 8]
[40, 5, 2, 4, 8]
[40, 5, 0, 0, 8]
[45, 5, 4, 1, 9]
[45, 6, 5, 3, 9]
[45, 8, 6, 5, 9]
[45, 9, 8, 4, 9]
[45, 5, 1, 0, 9]
[50, 5, 0, 1, 10]
[50, 5, 4, 3, 10]
[50, 5, 14, 5, 10]
[50, 5, 3, 4, 10]
[50, 5, 2, 0, 10]
[55, 5, 0, 3, 11]
[55, 5, 14, 4, 11]
[55, 6, 7, 0, 11]
[61, 5, 0, 5, 12]
[61, 5, 14, 0, 12]
[66, 5, 0, 4, 13]
[66, 5, 4, 0, 13]
[71, 5, 0, 0, 14]

--------------------------------------------------------------------------------

Optimal Schedule Length: 71
73.05859375
Optimal Schedule Length: 71
78.718994140625
Optimal Schedule Length: 71
79.1416015625
Optimal Schedule Length: 71
77.91015625
Optimal Schedule Length: 71
83.568603515625
Optimal Schedule Length: 71
67.067626953125
[0, 5, 0, 6, 0]
[5, 5, 0, 5, 1]
[5, 5, 1, 6, 1]
[10, 5, 0, 0, 2]
[10, 5, 4, 5, 2]
[10, 6, 9, 6, 2]
[15, 5, 0, 4, 3]
[15, 5, 1, 0, 3]
[15, 6, 7, 5, 3]
[16, 8, 13, 6, 4]
[20, 5, 0, 1, 5]
[20, 5, 2, 0, 5]
[20, 5, 4, 4, 5]
[21, 9, 5, 5, 6]
[24, 5, 3, 6, 7]
[25, 5, 0, 2, 8]
[25, 5, 2, 4, 8]
[25, 5, 4, 1, 8]
[25, 6, 7, 0, 8]
[30, 5, 0, 3, 9]
[30, 5, 1, 2, 9]
[30, 5, 3, 1, 9]
[30, 5, 4, 6, 9]
[30, 8, 6, 5, 9]
[30, 9, 8, 4, 9]
[31, 5, 14, 0, 10]
[35, 5, 0, 6, 11]
[35, 5, 1, 3, 11]
[35, 5, 2, 2, 11]
[35, 7, 10, 1, 11]
[36, 5, 4, 0, 12]
[38, 5, 14, 5, 13]
[39, 5, 3, 4, 14]
[40, 6, 9, 2, 15]
[40, 7, 7, 3, 15]
[41, 5, 0, 0, 16]
[42, 7, 6, 1, 17]
[44, 5, 14, 4, 18]
[46, 5, 0, 5, 19]
[47, 6, 7, 2, 20]
[47, 6, 11, 3, 20]
[49, 5, 4, 1, 21]
[51, 5, 0, 4, 22]
[53, 5, 14, 2, 23]
[53, 6, 5, 3, 23]
[56, 5, 0, 1, 24]
[59, 5, 4, 3, 25]
[61, 5, 0, 2, 26]
[66, 5, 0, 3, 27]

