Model:
0, 5	1, 5	14, 5
0, 5	4, 5	14, 5
0, 5	10, 5	0, 5
> size (3 x 3); perm None; time 0.04ms; length 15

Matrix (easy_perm): 6
0, 5	1, 5	14, 5	N, N	N, N
N, N	0, 5	N, N	10, 5	0, 5
N, N	N, N	0, 5	4, 5	14, 5
> size (3 x 5); perm [0, 2, 1]; time 0.56ms; length 25

Schedule (normal duration):
[0, 5, 0, 0, 0]
[5, 5, 1, 0, 1]
[5, 5, 0, 2, 1]
[10, 5, 14, 0, 2]
[10, 5, 0, 1, 2]
[15, 5, 10, 2, 3]
[15, 5, 4, 1, 3]
[20, 5, 0, 2, 4]
[20, 5, 14, 1, 4]

Matrix (circular_perm): 2
0, 5	1, 5	14, 5	N, N	N, N
N, N	0, 5	N, N	10, 5	0, 5
N, N	N, N	0, 5	4, 5	14, 5
> size (3 x 5); perm [0, 2, 1]; time 0.19ms; length 25

Schedule (normal duration):
[0, 5, 0, 0, 0]
[5, 5, 1, 0, 1]
[5, 5, 0, 2, 1]
[10, 5, 14, 0, 2]
[10, 5, 0, 1, 2]
[15, 5, 10, 2, 3]
[15, 5, 4, 1, 3]
[20, 5, 0, 2, 4]
[20, 5, 14, 1, 4]

Matrix (easy_shift): 3
0, 5	1, 5	14, 5	N, N	N, N	N, N
N, N	0, 5	4, 5	14, 5	N, N	N, N
N, N	N, N	0, 5	N, N	10, 5	0, 5
> size (3 x 6); perm [0, 1, 2]; time 0.38ms; length 30

Schedule (normal duration):
[0, 5, 0, 0, 0]
[5, 5, 1, 0, 1]
[5, 5, 0, 1, 1]
[10, 5, 14, 0, 2]
[10, 5, 4, 1, 2]
[10, 5, 0, 2, 2]
[15, 5, 14, 1, 3]
[20, 5, 10, 2, 4]
[25, 5, 0, 2, 5]

Matrix (cyclic_shift): 6
0, 5	1, 5	14, 5	N, N	N, N
N, N	0, 5	N, N	10, 5	0, 5
N, N	N, N	0, 5	4, 5	14, 5
> size (3 x 5); perm [0, 2, 1]; time 0.52ms; length 25

Schedule (normal duration):
[0, 5, 0, 0, 0]
[5, 5, 1, 0, 1]
[5, 5, 0, 2, 1]
[10, 5, 14, 0, 2]
[10, 5, 0, 1, 2]
[15, 5, 10, 2, 3]
[15, 5, 4, 1, 3]
[20, 5, 0, 2, 4]
[20, 5, 14, 1, 4]

Matrix (random_array): 6
0, 5	1, 5	14, 5	N, N	N, N
N, N	0, 5	N, N	10, 5	0, 5
N, N	N, N	0, 5	4, 5	14, 5
> size (3 x 5); perm [0, 2, 1]; time 0.58ms; length 25

Schedule (normal duration):
[0, 5, 0, 0, 0]
[5, 5, 1, 0, 1]
[5, 5, 0, 2, 1]
[10, 5, 14, 0, 2]
[10, 5, 0, 1, 2]
[15, 5, 10, 2, 3]
[15, 5, 4, 1, 3]
[20, 5, 0, 2, 4]
[20, 5, 14, 1, 4]

--------------------------------------------------------------------------------

Optimal Schedule Length: 25
9.12890625
Optimal Schedule Length: 25
9.10009765625
Optimal Schedule Length: 25
9.671142578125
Optimal Schedule Length: 25
8.879150390625
[0, 5, 0, 0, 0]
[5, 5, 0, 1, 1]
[5, 5, 1, 0, 1]
[10, 5, 0, 2, 2]
[10, 5, 4, 1, 2]
[10, 5, 14, 0, 2]
[15, 5, 10, 2, 3]
[15, 5, 14, 1, 3]
[20, 5, 0, 2, 4]


