Model:
0, 5	1, 5	7, 6	14, 5	2, 5	0, 5
0, 5	4, 5	10, 7	6, 7	4, 5	0, 5
0, 5	1, 5	9, 6	7, 6	14, 5	0, 5
0, 5	1, 5	11, 6	5, 6	3, 5	0, 5
0, 5	4, 5	8, 9	2, 5	14, 5	0, 5
0, 5	1, 5	13, 8	3, 5	4, 5	0, 5
> size (6 x 6); perm None; time 0.05ms; length 36

Matrix (easy_perm): 720
0, 5	1, 5	11, 6	5, 6	3, 5	0, 5	N, N	N, N	N, N	N, N	N, N	N, N	N, N
N, N	0, 5	N, N	1, 5	7, 6	14, 5	2, 5	0, 5	N, N	N, N	N, N	N, N	N, N
N, N	N, N	0, 5	4, 5	10, 7	6, 7	4, 5	N, N	0, 5	N, N	N, N	N, N	N, N
N, N	N, N	N, N	0, 5	N, N	N, N	1, 5	9, 6	7, 6	14, 5	0, 5	N, N	N, N
N, N	N, N	N, N	N, N	0, 5	N, N	N, N	1, 5	13, 8	3, 5	4, 5	0, 5	N, N
N, N	N, N	N, N	N, N	N, N	N, N	0, 5	4, 5	8, 9	2, 5	14, 5	N, N	0, 5
> size (6 x 13); perm [3, 0, 1, 2, 5, 4]; time 195.29ms; length 76

Schedule (normal duration):
[0, 5, 0, 3, 0]
[5, 5, 1, 3, 1]
[5, 5, 0, 0, 1]
[10, 6, 11, 3, 2]
[10, 5, 0, 1, 2]
[15, 6, 5, 3, 3]
[15, 5, 1, 0, 3]
[15, 5, 4, 1, 3]
[15, 5, 0, 2, 3]
[20, 5, 3, 3, 4]
[20, 6, 7, 0, 4]
[20, 7, 10, 1, 4]
[20, 5, 0, 5, 4]
[25, 5, 0, 3, 5]
[25, 5, 14, 0, 5]
[25, 7, 6, 1, 5]
[32, 5, 2, 0, 6]
[32, 5, 4, 1, 6]
[32, 5, 1, 2, 6]
[32, 5, 0, 4, 6]
[37, 5, 0, 0, 7]
[37, 6, 9, 2, 7]
[37, 5, 1, 5, 7]
[37, 5, 4, 4, 7]
[42, 5, 0, 1, 8]
[42, 6, 7, 2, 8]
[42, 8, 13, 5, 8]
[42, 9, 8, 4, 8]
[51, 5, 14, 2, 9]
[51, 5, 3, 5, 9]
[51, 5, 2, 4, 9]
[56, 5, 0, 2, 10]
[56, 5, 4, 5, 10]
[56, 5, 14, 4, 10]
[61, 5, 0, 5, 11]
[66, 5, 0, 4, 12]

Matrix (circular_perm): 120
0, 5	1, 5	7, 6	14, 5	2, 5	0, 5	N, N	N, N	N, N	N, N	N, N	N, N	N, N
N, N	0, 5	1, 5	N, N	11, 6	5, 6	3, 5	0, 5	N, N	N, N	N, N	N, N	N, N
N, N	N, N	0, 5	N, N	N, N	1, 5	13, 8	3, 5	4, 5	0, 5	N, N	N, N	N, N
N, N	N, N	N, N	0, 5	N, N	N, N	N, N	1, 5	9, 6	7, 6	14, 5	0, 5	N, N
N, N	N, N	N, N	N, N	0, 5	4, 5	8, 9	2, 5	14, 5	N, N	0, 5	N, N	N, N
N, N	N, N	N, N	N, N	N, N	N, N	0, 5	4, 5	N, N	10, 7	6, 7	4, 5	0, 5
> size (6 x 13); perm [0, 3, 5, 2, 4, 1]; time 31.02ms; length 77

Schedule (normal duration):
[0, 5, 0, 0, 0]
[5, 5, 1, 0, 1]
[5, 5, 0, 3, 1]
[10, 6, 7, 0, 2]
[10, 5, 1, 3, 2]
[10, 5, 0, 5, 2]
[15, 5, 14, 0, 3]
[15, 5, 0, 2, 3]
[20, 5, 2, 0, 4]
[20, 6, 11, 3, 4]
[20, 5, 0, 4, 4]
[25, 5, 0, 0, 5]
[25, 6, 5, 3, 5]
[25, 5, 1, 5, 5]
[25, 5, 4, 4, 5]
[30, 5, 3, 3, 6]
[30, 8, 13, 5, 6]
[30, 9, 8, 4, 6]
[30, 5, 0, 1, 6]
[35, 5, 0, 3, 7]
[35, 5, 3, 5, 7]
[35, 5, 1, 2, 7]
[35, 5, 2, 4, 7]
[35, 5, 4, 1, 7]
[40, 5, 4, 5, 8]
[40, 6, 9, 2, 8]
[40, 5, 14, 4, 8]
[45, 5, 0, 5, 9]
[45, 6, 7, 2, 9]
[45, 7, 10, 1, 9]
[52, 5, 14, 2, 10]
[52, 5, 0, 4, 10]
[52, 7, 6, 1, 10]
[59, 5, 0, 2, 11]
[59, 5, 4, 1, 11]
[64, 5, 0, 1, 12]

Matrix (easy_shift): 6
0, 5	1, 5	13, 8	3, 5	4, 5	0, 5	N, N	N, N	N, N	N, N	N, N	N, N	N, N
N, N	0, 5	N, N	1, 5	7, 6	14, 5	2, 5	0, 5	N, N	N, N	N, N	N, N	N, N
N, N	N, N	0, 5	4, 5	10, 7	6, 7	4, 5	N, N	0, 5	N, N	N, N	N, N	N, N
N, N	N, N	N, N	0, 5	N, N	N, N	1, 5	9, 6	7, 6	14, 5	0, 5	N, N	N, N
N, N	N, N	N, N	N, N	0, 5	N, N	N, N	1, 5	11, 6	5, 6	3, 5	0, 5	N, N
N, N	N, N	N, N	N, N	N, N	N, N	0, 5	4, 5	8, 9	2, 5	14, 5	N, N	0, 5
> size (6 x 13); perm [5, 0, 1, 2, 3, 4]; time 1.63ms; length 78

Schedule (normal duration):
[0, 5, 0, 5, 0]
[5, 5, 1, 5, 1]
[5, 5, 0, 0, 1]
[10, 8, 13, 5, 2]
[10, 5, 0, 1, 2]
[15, 5, 3, 5, 3]
[15, 5, 1, 0, 3]
[15, 5, 4, 1, 3]
[15, 5, 0, 2, 3]
[20, 5, 4, 5, 4]
[20, 6, 7, 0, 4]
[20, 7, 10, 1, 4]
[20, 5, 0, 3, 4]
[25, 5, 0, 5, 5]
[25, 5, 14, 0, 5]
[25, 7, 6, 1, 5]
[32, 5, 2, 0, 6]
[32, 5, 4, 1, 6]
[32, 5, 1, 2, 6]
[32, 5, 0, 4, 6]
[37, 5, 0, 0, 7]
[37, 6, 9, 2, 7]
[37, 5, 1, 3, 7]
[37, 5, 4, 4, 7]
[42, 5, 0, 1, 8]
[42, 6, 7, 2, 8]
[42, 6, 11, 3, 8]
[42, 9, 8, 4, 8]
[51, 5, 14, 2, 9]
[51, 6, 5, 3, 9]
[51, 5, 2, 4, 9]
[56, 5, 0, 2, 10]
[56, 5, 3, 3, 10]
[56, 5, 14, 4, 10]
[61, 5, 0, 3, 11]
[66, 5, 0, 4, 12]

Matrix (cyclic_shift): 30
0, 5	1, 5	13, 8	3, 5	4, 5	0, 5	N, N	N, N	N, N	N, N	N, N	N, N	N, N
N, N	0, 5	N, N	1, 5	7, 6	14, 5	2, 5	0, 5	N, N	N, N	N, N	N, N	N, N
N, N	N, N	0, 5	4, 5	10, 7	6, 7	4, 5	N, N	0, 5	N, N	N, N	N, N	N, N
N, N	N, N	N, N	0, 5	N, N	N, N	1, 5	9, 6	7, 6	14, 5	0, 5	N, N	N, N
N, N	N, N	N, N	N, N	0, 5	N, N	N, N	1, 5	11, 6	5, 6	3, 5	0, 5	N, N
N, N	N, N	N, N	N, N	N, N	N, N	0, 5	4, 5	8, 9	2, 5	14, 5	N, N	0, 5
> size (6 x 13); perm [5, 0, 1, 2, 3, 4]; time 7.94ms; length 78

Schedule (normal duration):
[0, 5, 0, 5, 0]
[5, 5, 1, 5, 1]
[5, 5, 0, 0, 1]
[10, 8, 13, 5, 2]
[10, 5, 0, 1, 2]
[15, 5, 3, 5, 3]
[15, 5, 1, 0, 3]
[15, 5, 4, 1, 3]
[15, 5, 0, 2, 3]
[20, 5, 4, 5, 4]
[20, 6, 7, 0, 4]
[20, 7, 10, 1, 4]
[20, 5, 0, 3, 4]
[25, 5, 0, 5, 5]
[25, 5, 14, 0, 5]
[25, 7, 6, 1, 5]
[32, 5, 2, 0, 6]
[32, 5, 4, 1, 6]
[32, 5, 1, 2, 6]
[32, 5, 0, 4, 6]
[37, 5, 0, 0, 7]
[37, 6, 9, 2, 7]
[37, 5, 1, 3, 7]
[37, 5, 4, 4, 7]
[42, 5, 0, 1, 8]
[42, 6, 7, 2, 8]
[42, 6, 11, 3, 8]
[42, 9, 8, 4, 8]
[51, 5, 14, 2, 9]
[51, 6, 5, 3, 9]
[51, 5, 2, 4, 9]
[56, 5, 0, 2, 10]
[56, 5, 3, 3, 10]
[56, 5, 14, 4, 10]
[61, 5, 0, 3, 11]
[66, 5, 0, 4, 12]

Matrix (random_array): 35
0, 5	1, 5	9, 6	7, 6	14, 5	0, 5	N, N	N, N	N, N	N, N	N, N	N, N	N, N
N, N	0, 5	1, 5	13, 8	3, 5	4, 5	0, 5	N, N	N, N	N, N	N, N	N, N	N, N
N, N	N, N	0, 5	N, N	N, N	1, 5	11, 6	5, 6	3, 5	0, 5	N, N	N, N	N, N
N, N	N, N	N, N	0, 5	4, 5	N, N	N, N	10, 7	6, 7	4, 5	0, 5	N, N	N, N
N, N	N, N	N, N	N, N	0, 5	N, N	4, 5	8, 9	2, 5	14, 5	N, N	0, 5	N, N
N, N	N, N	N, N	N, N	N, N	N, N	N, N	0, 5	1, 5	7, 6	14, 5	2, 5	0, 5
> size (6 x 13); perm [2, 5, 3, 1, 4, 0]; time 9.79ms; length 77

Schedule (normal duration):
[0, 5, 0, 2, 0]
[5, 5, 1, 2, 1]
[5, 5, 0, 5, 1]
[10, 6, 9, 2, 2]
[10, 5, 1, 5, 2]
[10, 5, 0, 3, 2]
[15, 6, 7, 2, 3]
[15, 8, 13, 5, 3]
[15, 5, 0, 1, 3]
[20, 5, 14, 2, 4]
[20, 5, 3, 5, 4]
[20, 5, 4, 1, 4]
[20, 5, 0, 4, 4]
[25, 5, 0, 2, 5]
[25, 5, 4, 5, 5]
[25, 5, 1, 3, 5]
[30, 5, 0, 5, 6]
[30, 6, 11, 3, 6]
[30, 5, 4, 4, 6]
[35, 6, 5, 3, 7]
[35, 7, 10, 1, 7]
[35, 9, 8, 4, 7]
[35, 5, 0, 0, 7]
[40, 5, 3, 3, 8]
[40, 7, 6, 1, 8]
[40, 5, 2, 4, 8]
[40, 5, 1, 0, 8]
[45, 5, 0, 3, 9]
[45, 5, 4, 1, 9]
[45, 5, 14, 4, 9]
[45, 6, 7, 0, 9]
[51, 5, 0, 1, 10]
[51, 5, 14, 0, 10]
[56, 5, 0, 4, 11]
[56, 5, 2, 0, 11]
[61, 5, 0, 0, 12]

--------------------------------------------------------------------------------

Optimal Schedule Length: 60
14.697021484375
Optimal Schedule Length: 60
16.417236328125
Optimal Schedule Length: 60
15.72216796875
Optimal Schedule Length: 60
18.95751953125
Optimal Schedule Length: 60
18.050537109375
Optimal Schedule Length: 60
16.837158203125
[0, 5, 0, 0, 0]
[5, 5, 0, 1, 1]
[5, 5, 1, 0, 1]
[10, 5, 0, 2, 2]
[10, 5, 4, 1, 2]
[10, 6, 7, 0, 2]
[15, 5, 0, 3, 3]
[15, 5, 1, 2, 3]
[15, 7, 10, 1, 3]
[16, 5, 14, 0, 4]
[20, 5, 0, 4, 5]
[20, 5, 1, 3, 5]
[20, 6, 9, 2, 5]
[21, 5, 2, 0, 6]
[22, 7, 6, 1, 7]
[25, 5, 0, 5, 8]
[25, 5, 4, 4, 8]
[25, 6, 11, 3, 8]
[26, 6, 7, 2, 9]
[30, 5, 0, 0, 10]
[30, 5, 1, 5, 10]
[30, 5, 4, 1, 10]
[30, 9, 8, 4, 10]
[31, 6, 5, 3, 11]
[32, 5, 14, 2, 12]
[35, 5, 0, 1, 13]
[35, 8, 13, 5, 13]
[37, 5, 3, 3, 14]
[39, 5, 2, 4, 15]
[40, 5, 0, 2, 16]
[43, 5, 3, 5, 17]
[44, 5, 14, 4, 18]
[45, 5, 0, 3, 19]
[48, 5, 4, 5, 20]
[50, 5, 0, 4, 21]
[55, 5, 0, 5, 22]

