Model:
0, 5	1, 5	7, 6	14, 5	0, 5
0, 5	4, 5	10, 7	4, 5	0, 5
0, 5	1, 5	9, 6	14, 5	0, 5
0, 5	4, 5	8, 9	2, 5	14, 5
0, 5	1, 5	13, 8	4, 5	0, 5
> size (5 x 5); perm None; time 0.05ms; length 29

Matrix (easy_perm): 120
0, 5	1, 5	9, 6	14, 5	0, 5	N, N	N, N	N, N	N, N	N, N
N, N	0, 5	1, 5	N, N	13, 8	4, 5	0, 5	N, N	N, N	N, N
N, N	N, N	0, 5	4, 5	N, N	10, 7	4, 5	0, 5	N, N	N, N
N, N	N, N	N, N	0, 5	4, 5	8, 9	2, 5	14, 5	N, N	N, N
N, N	N, N	N, N	N, N	N, N	0, 5	1, 5	7, 6	14, 5	0, 5
> size (5 x 10); perm [2, 4, 1, 3, 0]; time 26.09ms; length 59

Schedule (normal duration):
[0, 5, 0, 2, 0]
[5, 5, 1, 2, 1]
[5, 5, 0, 4, 1]
[10, 6, 9, 2, 2]
[10, 5, 1, 4, 2]
[10, 5, 0, 1, 2]
[15, 5, 14, 2, 3]
[15, 5, 4, 1, 3]
[15, 5, 0, 3, 3]
[20, 5, 0, 2, 4]
[20, 8, 13, 4, 4]
[20, 5, 4, 3, 4]
[25, 5, 4, 4, 5]
[25, 7, 10, 1, 5]
[25, 9, 8, 3, 5]
[25, 5, 0, 0, 5]
[30, 5, 0, 4, 6]
[30, 5, 4, 1, 6]
[30, 5, 2, 3, 6]
[30, 5, 1, 0, 6]
[35, 5, 0, 1, 7]
[35, 5, 14, 3, 7]
[35, 6, 7, 0, 7]
[41, 5, 14, 0, 8]
[46, 5, 0, 0, 9]

Matrix (circular_perm): 24
0, 5	1, 5	7, 6	14, 5	0, 5	N, N	N, N	N, N	N, N	N, N
N, N	0, 5	1, 5	N, N	13, 8	4, 5	0, 5	N, N	N, N	N, N
N, N	N, N	0, 5	4, 5	N, N	10, 7	4, 5	0, 5	N, N	N, N
N, N	N, N	N, N	0, 5	4, 5	8, 9	2, 5	14, 5	N, N	N, N
N, N	N, N	N, N	N, N	N, N	0, 5	1, 5	9, 6	14, 5	0, 5
> size (5 x 10); perm [0, 4, 1, 3, 2]; time 4.97ms; length 59

Schedule (normal duration):
[0, 5, 0, 0, 0]
[5, 5, 1, 0, 1]
[5, 5, 0, 4, 1]
[10, 6, 7, 0, 2]
[10, 5, 1, 4, 2]
[10, 5, 0, 1, 2]
[15, 5, 14, 0, 3]
[15, 5, 4, 1, 3]
[15, 5, 0, 3, 3]
[20, 5, 0, 0, 4]
[20, 8, 13, 4, 4]
[20, 5, 4, 3, 4]
[25, 5, 4, 4, 5]
[25, 7, 10, 1, 5]
[25, 9, 8, 3, 5]
[25, 5, 0, 2, 5]
[30, 5, 0, 4, 6]
[30, 5, 4, 1, 6]
[30, 5, 2, 3, 6]
[30, 5, 1, 2, 6]
[35, 5, 0, 1, 7]
[35, 5, 14, 3, 7]
[35, 6, 9, 2, 7]
[41, 5, 14, 2, 8]
[46, 5, 0, 2, 9]

Matrix (easy_shift): 5
0, 5	1, 5	13, 8	4, 5	0, 5	N, N	N, N	N, N	N, N	N, N
N, N	0, 5	N, N	1, 5	7, 6	14, 5	0, 5	N, N	N, N	N, N
N, N	N, N	0, 5	N, N	4, 5	N, N	10, 7	4, 5	0, 5	N, N
N, N	N, N	N, N	0, 5	1, 5	9, 6	N, N	14, 5	N, N	0, 5
N, N	N, N	N, N	N, N	N, N	0, 5	4, 5	8, 9	2, 5	14, 5
> size (5 x 10); perm [4, 0, 1, 2, 3]; time 1.10ms; length 61

Schedule (normal duration):
[0, 5, 0, 4, 0]
[5, 5, 1, 4, 1]
[5, 5, 0, 0, 1]
[10, 8, 13, 4, 2]
[10, 5, 0, 1, 2]
[15, 5, 4, 4, 3]
[15, 5, 1, 0, 3]
[15, 5, 0, 2, 3]
[20, 5, 0, 4, 4]
[20, 6, 7, 0, 4]
[20, 5, 4, 1, 4]
[20, 5, 1, 2, 4]
[25, 5, 14, 0, 5]
[25, 6, 9, 2, 5]
[25, 5, 0, 3, 5]
[30, 5, 0, 0, 6]
[30, 7, 10, 1, 6]
[30, 5, 4, 3, 6]
[35, 5, 4, 1, 7]
[35, 5, 14, 2, 7]
[35, 9, 8, 3, 7]
[44, 5, 0, 1, 8]
[44, 5, 2, 3, 8]
[49, 5, 0, 2, 9]
[49, 5, 14, 3, 9]

Matrix (cyclic_shift): 20
0, 5	1, 5	13, 8	4, 5	0, 5	N, N	N, N	N, N	N, N	N, N
N, N	0, 5	N, N	1, 5	7, 6	14, 5	0, 5	N, N	N, N	N, N
N, N	N, N	0, 5	N, N	4, 5	N, N	10, 7	4, 5	0, 5	N, N
N, N	N, N	N, N	0, 5	1, 5	9, 6	N, N	14, 5	N, N	0, 5
N, N	N, N	N, N	N, N	N, N	0, 5	4, 5	8, 9	2, 5	14, 5
> size (5 x 10); perm [4, 0, 1, 2, 3]; time 4.18ms; length 61

Schedule (normal duration):
[0, 5, 0, 4, 0]
[5, 5, 1, 4, 1]
[5, 5, 0, 0, 1]
[10, 8, 13, 4, 2]
[10, 5, 0, 1, 2]
[15, 5, 4, 4, 3]
[15, 5, 1, 0, 3]
[15, 5, 0, 2, 3]
[20, 5, 0, 4, 4]
[20, 6, 7, 0, 4]
[20, 5, 4, 1, 4]
[20, 5, 1, 2, 4]
[25, 5, 14, 0, 5]
[25, 6, 9, 2, 5]
[25, 5, 0, 3, 5]
[30, 5, 0, 0, 6]
[30, 7, 10, 1, 6]
[30, 5, 4, 3, 6]
[35, 5, 4, 1, 7]
[35, 5, 14, 2, 7]
[35, 9, 8, 3, 7]
[44, 5, 0, 1, 8]
[44, 5, 2, 3, 8]
[49, 5, 0, 2, 9]
[49, 5, 14, 3, 9]

Matrix (random_array): 22
0, 5	1, 5	7, 6	14, 5	0, 5	N, N	N, N	N, N	N, N	N, N
N, N	0, 5	1, 5	N, N	13, 8	4, 5	0, 5	N, N	N, N	N, N
N, N	N, N	0, 5	4, 5	N, N	10, 7	4, 5	0, 5	N, N	N, N
N, N	N, N	N, N	0, 5	4, 5	8, 9	2, 5	14, 5	N, N	N, N
N, N	N, N	N, N	N, N	N, N	0, 5	1, 5	9, 6	14, 5	0, 5
> size (5 x 10); perm [0, 4, 1, 3, 2]; time 4.73ms; length 59

Schedule (normal duration):
[0, 5, 0, 0, 0]
[5, 5, 1, 0, 1]
[5, 5, 0, 4, 1]
[10, 6, 7, 0, 2]
[10, 5, 1, 4, 2]
[10, 5, 0, 1, 2]
[15, 5, 14, 0, 3]
[15, 5, 4, 1, 3]
[15, 5, 0, 3, 3]
[20, 5, 0, 0, 4]
[20, 8, 13, 4, 4]
[20, 5, 4, 3, 4]
[25, 5, 4, 4, 5]
[25, 7, 10, 1, 5]
[25, 9, 8, 3, 5]
[25, 5, 0, 2, 5]
[30, 5, 0, 4, 6]
[30, 5, 4, 1, 6]
[30, 5, 2, 3, 6]
[30, 5, 1, 2, 6]
[35, 5, 0, 1, 7]
[35, 5, 14, 3, 7]
[35, 6, 9, 2, 7]
[41, 5, 14, 2, 8]
[46, 5, 0, 2, 9]

--------------------------------------------------------------------------------
14,7375

Optimal Schedule Length: 46
15.9375
Optimal Schedule Length: 46
13.64892578125
Optimal Schedule Length: 46
14.52685546875
Optimal Schedule Length: 46
14.86767578125
[0, 5, 0, 0, 0]
[5, 5, 0, 4, 1]
[5, 5, 1, 0, 1]
[10, 5, 0, 1, 2]
[10, 5, 1, 4, 2]
[10, 6, 7, 0, 2]
[15, 5, 0, 3, 3]
[15, 5, 4, 1, 3]
[15, 8, 13, 4, 3]
[16, 5, 14, 0, 4]
[20, 5, 0, 2, 5]
[20, 5, 4, 3, 5]
[20, 7, 10, 1, 5]
[25, 5, 0, 0, 6]
[25, 5, 1, 2, 6]
[25, 5, 4, 4, 6]
[25, 9, 8, 3, 6]
[30, 5, 0, 4, 7]
[30, 5, 4, 1, 7]
[30, 6, 9, 2, 7]
[34, 5, 2, 3, 8]
[35, 5, 0, 1, 9]
[36, 5, 14, 2, 10]
[41, 5, 0, 2, 11]
[41, 5, 14, 3, 11]
