>>> generate overlay mapping:
REF -> DSI [0]  [0, 5, 0, 0, 0] [5, 5, 1, 0, 1]
DSI -> MS2 [0]* [5, 5, 1, 0, 1] [30, 5, 8, 0, 6]
MS2 -> REF [a]
REF -> HBW [1]  [5, 5, 0, 1, 1] [10, 5, 4, 1, 2]
HBW -> MPO [1]  [10, 5, 4, 1, 2] [15, 5, 5, 1, 3]
MPO -> SLD [1]  [15, 5, 5, 1, 3] [20, 5, 6, 1, 4]
SLD -> NFC [1]  [20, 5, 6, 1, 4] [25, 5, 3, 1, 5]
NFC -> DSO [1]  [25, 5, 3, 1, 5] [55, 5, 14, 1, 11]
DSO -> REF [b]
REF -> DSI [2]  [25, 5, 0, 2, 5] [30, 5, 1, 2, 6]
DSI -> MS3 [2]* [30, 5, 1, 2, 6] [45, 5, 9, 2, 9]
MS3 -> MS2 [c]
MS2 -> MS3 [0]S [30, 5, 8, 0, 6] [35, 5, 9, 0, 7]
MS3 -> HBW [0]  [35, 5, 9, 0, 7] [40, 5, 4, 0, 8]
HBW -> REF [0]  [40, 5, 4, 0, 8] [45, 5, 0, 0, 9]
MS3 -> DSO [2]  [45, 5, 9, 2, 9] [50, 5, 14, 2, 10]
DSO -> REF [2]  [50, 5, 14, 2, 10] [55, 5, 0, 2, 11]
DSO -> REF [1]  [55, 5, 14, 1, 11] [60, 5, 0, 1, 12]
overlap idx: [10]
2 XXXXXXXXXXXXXXXXXXXXXXXXXXXXXXXXXXXXXXXXXXXXXXXXXXXXXXXXXXXXX
>>> generate overlay mapping:
REF -> DSI [0]  [0, 5, 0, 0, 0] [5, 5, 1, 0, 1]
DSI -> MS2 [0]* [5, 5, 1, 0, 1] [35, 5, 8, 0, 7]
MS2 -> REF [a]
REF -> HBW [1]  [5, 5, 0, 1, 1] [10, 5, 4, 1, 2]
HBW -> MPO [1]  [10, 5, 4, 1, 2] [15, 5, 5, 1, 3]
MPO -> SLD [1]  [15, 5, 5, 1, 3] [20, 5, 6, 1, 4]
SLD -> NFC [1]  [20, 5, 6, 1, 4] [25, 5, 3, 1, 5]
NFC -> DSO [1]  [25, 5, 3, 1, 5] [55, 5, 14, 1, 11]
DSO -> REF [b]
REF -> DSI [2]  [25, 5, 0, 2, 5] [30, 5, 1, 2, 6]
DSI -> MS3 [2]  [30, 5, 1, 2, 6] [35, 5, 9, 2, 7]
MS3 -> DSO [2]  [35, 5, 9, 2, 7] [50, 5, 14, 2, 10]
DSO -> MS2 [c]
MS2 -> MS3 [0]  [35, 5, 8, 0, 7] [40, 5, 9, 0, 8]
MS3 -> HBW [0]  [40, 5, 9, 0, 8] [45, 5, 4, 0, 9]
HBW -> REF [0]  [45, 5, 4, 0, 9] [50, 5, 0, 0, 10]
DSO -> REF [2]  [50, 5, 14, 2, 10] [55, 5, 0, 2, 11]
DSO -> REF [1]  [55, 5, 14, 1, 11] [60, 5, 0, 1, 12]
overlap idx: []
there is no overlap!

>>> apply the serializer filter
>>> apply the pruning filter

>>> generate overlay mapping:
REF -> DSI [0]  [0, 5, 0, 0, 0] [5, 5, 1, 0, 1]
DSI -> MS2 [0]* [5, 5, 1, 0, 1] [30, 5, 8, 0, 6]
MS2 -> REF [a]
REF -> HBW [1]  [5, 5, 0, 1, 1] [10, 5, 4, 1, 2]
HBW -> MPO [1]  [10, 5, 4, 1, 2] [15, 5, 5, 1, 3]
MPO -> SLD [1]  [15, 5, 5, 1, 3] [20, 5, 6, 1, 4]
SLD -> NFC [1]  [20, 5, 6, 1, 4] [25, 5, 3, 1, 5]
NFC -> DSO [1]  [25, 5, 3, 1, 5] [55, 5, 14, 1, 11]
DSO -> REF [b]
REF -> DSI [2]  [25, 5, 0, 2, 5] [30, 5, 1, 2, 6]
DSI -> MS3 [2]* [30, 5, 1, 2, 6] [45, 5, 9, 2, 9]
MS3 -> MS2 [c]
MS2 -> MS3 [0]S [30, 5, 8, 0, 6] [35, 5, 9, 0, 7]
MS3 -> HBW [0]  [35, 5, 9, 0, 7] [40, 5, 4, 0, 8]
HBW -> REF [0]  [40, 5, 4, 0, 8] [45, 5, 0, 0, 9]
MS3 -> DSO [2]  [45, 5, 9, 2, 9] [50, 5, 14, 2, 10]
DSO -> REF [2]  [50, 5, 14, 2, 10] [55, 5, 0, 2, 11]
DSO -> REF [1]  [55, 5, 14, 1, 11] [60, 5, 0, 1, 12]
overlap idx: [10]
3 XXXXXXXXXXXXXXXXXXXXXXXXXXXXXXXXXXXXXXXXXXXXXXXXXXXXXXXXXXXXX
>>> generate overlay mapping:
REF -> DSI [0]  [0, 5, 0, 0, 0] [5, 5, 1, 0, 1]
DSI -> MS2 [0]* [5, 5, 1, 0, 1] [35, 5, 8, 0, 7]
MS2 -> REF [a]
REF -> HBW [1]  [5, 5, 0, 1, 1] [10, 5, 4, 1, 2]
HBW -> MPO [1]  [10, 5, 4, 1, 2] [15, 5, 5, 1, 3]
MPO -> SLD [1]  [15, 5, 5, 1, 3] [20, 5, 6, 1, 4]
SLD -> NFC [1]  [20, 5, 6, 1, 4] [25, 5, 3, 1, 5]
NFC -> DSO [1]  [25, 5, 3, 1, 5] [55, 5, 14, 1, 11]
DSO -> REF [b]
REF -> DSI [2]  [25, 5, 0, 2, 5] [30, 5, 1, 2, 6]
DSI -> MS3 [2]  [30, 5, 1, 2, 6] [35, 5, 9, 2, 7]
MS3 -> DSO [2]  [35, 5, 9, 2, 7] [50, 5, 14, 2, 10]
DSO -> MS2 [c]
MS2 -> MS3 [0]  [35, 5, 8, 0, 7] [40, 5, 9, 0, 8]
MS3 -> HBW [0]  [40, 5, 9, 0, 8] [45, 5, 4, 0, 9]
HBW -> REF [0]  [45, 5, 4, 0, 9] [50, 5, 0, 0, 10]
DSO -> REF [2]  [50, 5, 14, 2, 10] [55, 5, 0, 2, 11]
DSO -> REF [1]  [55, 5, 14, 1, 11] [60, 5, 0, 1, 12]
overlap idx: []
there is no overlap!
Optimal Schedule Length: 65
19.243896484375
[0, 5, 0, 0, 0]
[5, 5, 1, 0, 1]
[5, 5, 0, 1, 1]
[10, 5, 4, 1, 2]
[15, 5, 5, 1, 3]
[20, 5, 6, 1, 4]
[25, 5, 3, 1, 5]
[25, 5, 0, 2, 5]
[30, 5, 1, 2, 6]
[35, 5, 9, 2, 7]
[35, 5, 8, 0, 7]
[40, 5, 9, 0, 8]
[45, 5, 4, 0, 9]
[50, 5, 0, 0, 10]
[50, 5, 14, 2, 10]
[55, 5, 0, 2, 11]
[55, 5, 14, 1, 11]
[60, 5, 0, 1, 12]

--------------------------------------------------------------------------------

>>> generate overlay mapping:
REF -> DSI [0]  [0, 5, 0, 0, 0] [5, 5, 1, 0, 1]
DSI -> MS3 [0]  [5, 5, 1, 0, 1] [10, 5, 9, 0, 2]
MS3 -> DSO [0]  [10, 5, 9, 0, 2] [15, 5, 14, 0, 3]
DSO -> REF [0]  [15, 5, 14, 0, 3] [20, 5, 0, 0, 4]
overlap idx: []
there is no overlap!

>>> apply the serializer filter
>>> apply the pruning filter

>>> generate overlay mapping:
REF -> DSI [0]  [0, 5, 0, 0, 0] [5, 5, 1, 0, 1]
DSI -> MS3 [0]  [5, 5, 1, 0, 1] [10, 5, 9, 0, 2]
MS3 -> DSO [0]  [10, 5, 9, 0, 2] [15, 5, 14, 0, 3]
DSO -> REF [0]  [15, 5, 14, 0, 3] [20, 5, 0, 0, 4]
overlap idx: []
there is no overlap!
Optimal Schedule Length: 25
7.724609375
[0, 5, 0, 0, 0]
[5, 5, 1, 0, 1]
[10, 5, 9, 0, 2]
[15, 5, 14, 0, 3]
[20, 5, 0, 0, 4]

--------------------------------------------------------------------------------

buffer0:  [(0, 5, 0, 0, 0), (5, 5, 1, 0, 1), (5, 5, 0, 1, 1), (10, 5, 4, 1, 2), (15, 5, 5, 1, 3), (20, 5, 6, 1, 4), (25, 5, 3, 1, 5), (25, 5, 0, 2, 5), (30, 5, 1, 2, 6), (35, 5, 9, 2, 7), (35, 5, 8, 0, 7), (40, 5, 9, 0, 8), (45, 5, 4, 0, 9), (50, 5, 0, 0, 10), (50, 5, 14, 2, 10), (55, 5, 0, 2, 11), (55, 5, 14, 1, 11), (60, 5, 0, 1, 12)]
buffer1:  [(0, 5, 0, 0, 0), (5, 5, 1, 0, 1), (10, 5, 9, 0, 2), (15, 5, 14, 0, 3), (20, 5, 0, 0, 4)]
sync0:  0

  Schedule validation (sync 0):
>>>>>>>>>>> ₛ  ₀  ₁  ₜ <<<<<<<<<<<<<<<<<<<<<<<<<<<<<<<<<<<
REF -> DSI [1][0][0][0]p (0, 5, 0, 0, 0, 1) (5, 5, 1, 0, 1, 1)
DSI -> MS3 [1][0][0][1]p (5, 5, 1, 0, 1, 1) (10, 5, 9, 0, 2, 1)
MS3 -> DSO [1][0][0][2]p (10, 5, 9, 0, 2, 1) (15, 5, 14, 0, 3, 1)
DSO -> REF [1][0][0][3]p (15, 5, 14, 0, 3, 1) (20, 5, 0, 0, 4, 1)
REF -> REF [1][0][0][a]- (20, 5, 0, 0, 4, 1) (0, 5, 0, 0, 0, 0)
REF -> DSI [0][0][0][0]￮ (0, 5, 0, 0, 0, 0) (5, 5, 1, 0, 1, 0)
DSI -> MS2 [0][0][0][1]⭑ (5, 5, 1, 0, 1, 0) (35, 5, 8, 0, 7, 0)
MS2 -> REF [0][0][1][b]- (35, 5, 8, 0, 7, 0) (5, 5, 0, 1, 1, 0)
REF -> HBW [0][1][1][1]￮ (5, 5, 0, 1, 1, 0) (10, 5, 4, 1, 2, 0)
HBW -> MPO [0][1][1][2]￭ (10, 5, 4, 1, 2, 0) (15, 5, 5, 1, 3, 0)
MPO -> SLD [0][1][1][3]￭ (15, 5, 5, 1, 3, 0) (20, 5, 6, 1, 4, 0)
SLD -> NFC [0][1][1][4]￭ (20, 5, 6, 1, 4, 0) (25, 5, 3, 1, 5, 0)
NFC -> DSO [0][1][1][5]￭ (25, 5, 3, 1, 5, 0) (55, 5, 14, 1, 11, 0)
DSO -> REF [0][1][2][c]- (55, 5, 14, 1, 11, 0) (25, 5, 0, 2, 5, 0)
REF -> DSI [0][2][2][5]￮ (25, 5, 0, 2, 5, 0) (30, 5, 1, 2, 6, 0)
DSI -> MS3 [0][2][2][6]￭ (30, 5, 1, 2, 6, 0) (35, 5, 9, 2, 7, 0)
MS3 -> DSO [0][2][2][7]￭ (35, 5, 9, 2, 7, 0) (50, 5, 14, 2, 10, 0)
DSO -> MS2 [0][2][0][d]- (50, 5, 14, 2, 10, 0) (35, 5, 8, 0, 7, 0)
MS2 -> MS3 [0][0][0][7]￭ (35, 5, 8, 0, 7, 0) (40, 5, 9, 0, 8, 0)
MS3 -> HBW [0][0][0][8]￭ (40, 5, 9, 0, 8, 0) (45, 5, 4, 0, 9, 0)
HBW -> REF [0][0][0][9]￭ (45, 5, 4, 0, 9, 0) (50, 5, 0, 0, 10, 0)
REF -> DSO [0][0][2][e]- (50, 5, 0, 0, 10, 0) (50, 5, 14, 2, 10, 0)
DSO -> REF [0][2][2][10]￮ (50, 5, 14, 2, 10, 0) (55, 5, 0, 2, 11, 0)
REF -> DSO [0][2][1][f]- (55, 5, 0, 2, 11, 0) (55, 5, 14, 1, 11, 0)
DSO -> REF [0][1][1][11]￮ (55, 5, 14, 1, 11, 0) (60, 5, 0, 1, 12, 0)
>>>>>>>>>>> ₛ  ₀  ₁  ₜ <<<<<<<<<<<<<<<<<<<<<<<<<<<<<<<<<<<
  Insertion passed: no deadlocks.


  Schedule validation (sync 1):
>>>>>>>>>>> ₛ  ₀  ₁  ₜ <<<<<<<<<<<<<<<<<<<<<<<<<<<<<<<<<<<
REF -> DSI [0][0][0][0]D (0, 5, 0, 0, 0, 0) (5, 5, 1, 0, 1, 0)
DSI -> REF [0][0][0][a]- (5, 5, 1, 0, 1, 0) (0, 5, 0, 0, 0, 1)
REF -> DSI [1][0][0][0]p (0, 5, 0, 0, 0, 1) (5, 5, 1, 0, 1, 1)
DSI -> MS3 [1][0][0][1]p (5, 5, 1, 0, 1, 1) (10, 5, 9, 0, 2, 1)
MS3 -> DSO [1][0][0][2]p (10, 5, 9, 0, 2, 1) (15, 5, 14, 0, 3, 1)
DSO -> REF [1][0][0][3]p (15, 5, 14, 0, 3, 1) (20, 5, 0, 0, 4, 1)
REF -> DSI [1][0][0][b]- (20, 5, 0, 0, 4, 1) (5, 5, 1, 0, 1, 0)
DSI -> MS2 [0][0][0][1]⭑ (5, 5, 1, 0, 1, 0) (35, 5, 8, 0, 7, 0)
MS2 -> REF [0][0][1][c]- (35, 5, 8, 0, 7, 0) (5, 5, 0, 1, 1, 0)
REF -> HBW [0][1][1][1]￮ (5, 5, 0, 1, 1, 0) (10, 5, 4, 1, 2, 0)
HBW -> MPO [0][1][1][2]￭ (10, 5, 4, 1, 2, 0) (15, 5, 5, 1, 3, 0)
MPO -> SLD [0][1][1][3]￭ (15, 5, 5, 1, 3, 0) (20, 5, 6, 1, 4, 0)
SLD -> NFC [0][1][1][4]￭ (20, 5, 6, 1, 4, 0) (25, 5, 3, 1, 5, 0)
NFC -> DSO [0][1][1][5]￭ (25, 5, 3, 1, 5, 0) (55, 5, 14, 1, 11, 0)
DSO -> REF [0][1][2][d]- (55, 5, 14, 1, 11, 0) (25, 5, 0, 2, 5, 0)
REF -> DSI [0][2][2][5]￮ (25, 5, 0, 2, 5, 0) (30, 5, 1, 2, 6, 0)
DSI -> MS3 [0][2][2][6]￭ (30, 5, 1, 2, 6, 0) (35, 5, 9, 2, 7, 0)
MS3 -> DSO [0][2][2][7]￭ (35, 5, 9, 2, 7, 0) (50, 5, 14, 2, 10, 0)
DSO -> MS2 [0][2][0][e]- (50, 5, 14, 2, 10, 0) (35, 5, 8, 0, 7, 0)
MS2 -> MS3 [0][0][0][7]￭ (35, 5, 8, 0, 7, 0) (40, 5, 9, 0, 8, 0)
MS3 -> HBW [0][0][0][8]￭ (40, 5, 9, 0, 8, 0) (45, 5, 4, 0, 9, 0)
HBW -> REF [0][0][0][9]￭ (45, 5, 4, 0, 9, 0) (50, 5, 0, 0, 10, 0)
REF -> DSO [0][0][2][f]- (50, 5, 0, 0, 10, 0) (50, 5, 14, 2, 10, 0)
DSO -> REF [0][2][2][10]￮ (50, 5, 14, 2, 10, 0) (55, 5, 0, 2, 11, 0)
REF -> DSO [0][2][1][g]- (55, 5, 0, 2, 11, 0) (55, 5, 14, 1, 11, 0)
DSO -> REF [0][1][1][11]￮ (55, 5, 14, 1, 11, 0) (60, 5, 0, 1, 12, 0)
>>>>>>>>>>> ₛ  ₀  ₁  ₜ <<<<<<<<<<<<<<<<<<<<<<<<<<<<<<<<<<<
  Insertion refuted: null buffer in DSI.


  Schedule validation (sync 2):
>>>>>>>>>>> ₛ  ₀  ₁  ₜ <<<<<<<<<<<<<<<<<<<<<<<<<<<<<<<<<<<
REF -> DSI [0][0][0][0]￮ (0, 5, 0, 0, 0, 0) (5, 5, 1, 0, 1, 0)
DSI -> MS2 [0][0][0][1]⭑ (5, 5, 1, 0, 1, 0) (35, 5, 8, 0, 7, 0)
MS2 -> REF [0][0][1][a]- (35, 5, 8, 0, 7, 0) (5, 5, 0, 1, 1, 0)
REF -> HBW [0][1][1][1]D (5, 5, 0, 1, 1, 0) (10, 5, 4, 1, 2, 0)
HBW -> REF [0][1][0][b]- (10, 5, 4, 1, 2, 0) (0, 5, 0, 0, 0, 1)
REF -> DSI [1][0][0][0]p (0, 5, 0, 0, 0, 1) (5, 5, 1, 0, 1, 1)
DSI -> MS3 [1][0][0][1]p (5, 5, 1, 0, 1, 1) (10, 5, 9, 0, 2, 1)
MS3 -> DSO [1][0][0][2]p (10, 5, 9, 0, 2, 1) (15, 5, 14, 0, 3, 1)
DSO -> REF [1][0][0][3]p (15, 5, 14, 0, 3, 1) (20, 5, 0, 0, 4, 1)
REF -> HBW [1][0][1][c]- (20, 5, 0, 0, 4, 1) (10, 5, 4, 1, 2, 0)
HBW -> MPO [0][1][1][2]￭ (10, 5, 4, 1, 2, 0) (15, 5, 5, 1, 3, 0)
MPO -> SLD [0][1][1][3]￭ (15, 5, 5, 1, 3, 0) (20, 5, 6, 1, 4, 0)
SLD -> NFC [0][1][1][4]￭ (20, 5, 6, 1, 4, 0) (25, 5, 3, 1, 5, 0)
NFC -> DSO [0][1][1][5]￭ (25, 5, 3, 1, 5, 0) (55, 5, 14, 1, 11, 0)
DSO -> REF [0][1][2][d]- (55, 5, 14, 1, 11, 0) (25, 5, 0, 2, 5, 0)
REF -> DSI [0][2][2][5]￮ (25, 5, 0, 2, 5, 0) (30, 5, 1, 2, 6, 0)
DSI -> MS3 [0][2][2][6]￭ (30, 5, 1, 2, 6, 0) (35, 5, 9, 2, 7, 0)
MS3 -> DSO [0][2][2][7]￭ (35, 5, 9, 2, 7, 0) (50, 5, 14, 2, 10, 0)
DSO -> MS2 [0][2][0][e]- (50, 5, 14, 2, 10, 0) (35, 5, 8, 0, 7, 0)
MS2 -> MS3 [0][0][0][7]￭ (35, 5, 8, 0, 7, 0) (40, 5, 9, 0, 8, 0)
MS3 -> HBW [0][0][0][8]￭ (40, 5, 9, 0, 8, 0) (45, 5, 4, 0, 9, 0)
HBW -> REF [0][0][0][9]￭ (45, 5, 4, 0, 9, 0) (50, 5, 0, 0, 10, 0)
REF -> DSO [0][0][2][f]- (50, 5, 0, 0, 10, 0) (50, 5, 14, 2, 10, 0)
DSO -> REF [0][2][2][10]￮ (50, 5, 14, 2, 10, 0) (55, 5, 0, 2, 11, 0)
REF -> DSO [0][2][1][g]- (55, 5, 0, 2, 11, 0) (55, 5, 14, 1, 11, 0)
DSO -> REF [0][1][1][11]￮ (55, 5, 14, 1, 11, 0) (60, 5, 0, 1, 12, 0)
>>>>>>>>>>> ₛ  ₀  ₁  ₜ <<<<<<<<<<<<<<<<<<<<<<<<<<<<<<<<<<<
  Insertion refuted: null buffer in HBW.


  Schedule validation (sync 3):
>>>>>>>>>>> ₛ  ₀  ₁  ₜ <<<<<<<<<<<<<<<<<<<<<<<<<<<<<<<<<<<
REF -> DSI [0][0][0][0]￮ (0, 5, 0, 0, 0, 0) (5, 5, 1, 0, 1, 0)
DSI -> MS2 [0][0][0][1]⭑ (5, 5, 1, 0, 1, 0) (35, 5, 8, 0, 7, 0)
MS2 -> REF [0][0][1][a]- (35, 5, 8, 0, 7, 0) (5, 5, 0, 1, 1, 0)
REF -> HBW [0][1][1][1]￮ (5, 5, 0, 1, 1, 0) (10, 5, 4, 1, 2, 0)
HBW -> MPO [0][1][1][2]D (10, 5, 4, 1, 2, 0) (15, 5, 5, 1, 3, 0)
MPO -> REF [0][1][0][b]- (15, 5, 5, 1, 3, 0) (0, 5, 0, 0, 0, 1)
REF -> DSI [1][0][0][0]p (0, 5, 0, 0, 0, 1) (5, 5, 1, 0, 1, 1)
DSI -> MS3 [1][0][0][1]p (5, 5, 1, 0, 1, 1) (10, 5, 9, 0, 2, 1)
MS3 -> DSO [1][0][0][2]p (10, 5, 9, 0, 2, 1) (15, 5, 14, 0, 3, 1)
DSO -> REF [1][0][0][3]p (15, 5, 14, 0, 3, 1) (20, 5, 0, 0, 4, 1)
REF -> MPO [1][0][1][c]- (20, 5, 0, 0, 4, 1) (15, 5, 5, 1, 3, 0)
MPO -> SLD [0][1][1][3]￭ (15, 5, 5, 1, 3, 0) (20, 5, 6, 1, 4, 0)
SLD -> NFC [0][1][1][4]￭ (20, 5, 6, 1, 4, 0) (25, 5, 3, 1, 5, 0)
NFC -> DSO [0][1][1][5]￭ (25, 5, 3, 1, 5, 0) (55, 5, 14, 1, 11, 0)
DSO -> REF [0][1][2][d]- (55, 5, 14, 1, 11, 0) (25, 5, 0, 2, 5, 0)
REF -> DSI [0][2][2][5]￮ (25, 5, 0, 2, 5, 0) (30, 5, 1, 2, 6, 0)
DSI -> MS3 [0][2][2][6]￭ (30, 5, 1, 2, 6, 0) (35, 5, 9, 2, 7, 0)
MS3 -> DSO [0][2][2][7]￭ (35, 5, 9, 2, 7, 0) (50, 5, 14, 2, 10, 0)
DSO -> MS2 [0][2][0][e]- (50, 5, 14, 2, 10, 0) (35, 5, 8, 0, 7, 0)
MS2 -> MS3 [0][0][0][7]￭ (35, 5, 8, 0, 7, 0) (40, 5, 9, 0, 8, 0)
MS3 -> HBW [0][0][0][8]￭ (40, 5, 9, 0, 8, 0) (45, 5, 4, 0, 9, 0)
HBW -> REF [0][0][0][9]￭ (45, 5, 4, 0, 9, 0) (50, 5, 0, 0, 10, 0)
REF -> DSO [0][0][2][f]- (50, 5, 0, 0, 10, 0) (50, 5, 14, 2, 10, 0)
DSO -> REF [0][2][2][10]￮ (50, 5, 14, 2, 10, 0) (55, 5, 0, 2, 11, 0)
REF -> DSO [0][2][1][g]- (55, 5, 0, 2, 11, 0) (55, 5, 14, 1, 11, 0)
DSO -> REF [0][1][1][11]￮ (55, 5, 14, 1, 11, 0) (60, 5, 0, 1, 12, 0)
>>>>>>>>>>> ₛ  ₀  ₁  ₜ <<<<<<<<<<<<<<<<<<<<<<<<<<<<<<<<<<<
  Insertion refuted: null buffer in MPO.


  Schedule validation (sync 4):
>>>>>>>>>>> ₛ  ₀  ₁  ₜ <<<<<<<<<<<<<<<<<<<<<<<<<<<<<<<<<<<
REF -> DSI [0][0][0][0]￮ (0, 5, 0, 0, 0, 0) (5, 5, 1, 0, 1, 0)
DSI -> MS2 [0][0][0][1]⭑ (5, 5, 1, 0, 1, 0) (35, 5, 8, 0, 7, 0)
MS2 -> REF [0][0][1][a]- (35, 5, 8, 0, 7, 0) (5, 5, 0, 1, 1, 0)
REF -> HBW [0][1][1][1]￮ (5, 5, 0, 1, 1, 0) (10, 5, 4, 1, 2, 0)
HBW -> MPO [0][1][1][2]￭ (10, 5, 4, 1, 2, 0) (15, 5, 5, 1, 3, 0)
MPO -> SLD [0][1][1][3]D (15, 5, 5, 1, 3, 0) (20, 5, 6, 1, 4, 0)
SLD -> REF [0][1][0][b]- (20, 5, 6, 1, 4, 0) (0, 5, 0, 0, 0, 1)
REF -> DSI [1][0][0][0]p (0, 5, 0, 0, 0, 1) (5, 5, 1, 0, 1, 1)
DSI -> MS3 [1][0][0][1]p (5, 5, 1, 0, 1, 1) (10, 5, 9, 0, 2, 1)
MS3 -> DSO [1][0][0][2]p (10, 5, 9, 0, 2, 1) (15, 5, 14, 0, 3, 1)
DSO -> REF [1][0][0][3]p (15, 5, 14, 0, 3, 1) (20, 5, 0, 0, 4, 1)
REF -> SLD [1][0][1][c]- (20, 5, 0, 0, 4, 1) (20, 5, 6, 1, 4, 0)
SLD -> NFC [0][1][1][4]￭ (20, 5, 6, 1, 4, 0) (25, 5, 3, 1, 5, 0)
NFC -> DSO [0][1][1][5]￭ (25, 5, 3, 1, 5, 0) (55, 5, 14, 1, 11, 0)
DSO -> REF [0][1][2][d]- (55, 5, 14, 1, 11, 0) (25, 5, 0, 2, 5, 0)
REF -> DSI [0][2][2][5]￮ (25, 5, 0, 2, 5, 0) (30, 5, 1, 2, 6, 0)
DSI -> MS3 [0][2][2][6]￭ (30, 5, 1, 2, 6, 0) (35, 5, 9, 2, 7, 0)
MS3 -> DSO [0][2][2][7]￭ (35, 5, 9, 2, 7, 0) (50, 5, 14, 2, 10, 0)
DSO -> MS2 [0][2][0][e]- (50, 5, 14, 2, 10, 0) (35, 5, 8, 0, 7, 0)
MS2 -> MS3 [0][0][0][7]￭ (35, 5, 8, 0, 7, 0) (40, 5, 9, 0, 8, 0)
MS3 -> HBW [0][0][0][8]￭ (40, 5, 9, 0, 8, 0) (45, 5, 4, 0, 9, 0)
HBW -> REF [0][0][0][9]￭ (45, 5, 4, 0, 9, 0) (50, 5, 0, 0, 10, 0)
REF -> DSO [0][0][2][f]- (50, 5, 0, 0, 10, 0) (50, 5, 14, 2, 10, 0)
DSO -> REF [0][2][2][10]￮ (50, 5, 14, 2, 10, 0) (55, 5, 0, 2, 11, 0)
REF -> DSO [0][2][1][g]- (55, 5, 0, 2, 11, 0) (55, 5, 14, 1, 11, 0)
DSO -> REF [0][1][1][11]￮ (55, 5, 14, 1, 11, 0) (60, 5, 0, 1, 12, 0)
>>>>>>>>>>> ₛ  ₀  ₁  ₜ <<<<<<<<<<<<<<<<<<<<<<<<<<<<<<<<<<<
  Insertion refuted: null buffer in SLD.


  Schedule validation (sync 5):
>>>>>>>>>>> ₛ  ₀  ₁  ₜ <<<<<<<<<<<<<<<<<<<<<<<<<<<<<<<<<<<
REF -> DSI [0][0][0][0]￮ (0, 5, 0, 0, 0, 0) (5, 5, 1, 0, 1, 0)
DSI -> MS2 [0][0][0][1]⭑ (5, 5, 1, 0, 1, 0) (35, 5, 8, 0, 7, 0)
MS2 -> REF [0][0][1][a]- (35, 5, 8, 0, 7, 0) (5, 5, 0, 1, 1, 0)
REF -> HBW [0][1][1][1]￮ (5, 5, 0, 1, 1, 0) (10, 5, 4, 1, 2, 0)
HBW -> MPO [0][1][1][2]￭ (10, 5, 4, 1, 2, 0) (15, 5, 5, 1, 3, 0)
MPO -> SLD [0][1][1][3]￭ (15, 5, 5, 1, 3, 0) (20, 5, 6, 1, 4, 0)
SLD -> NFC [0][1][1][4]D (20, 5, 6, 1, 4, 0) (25, 5, 3, 1, 5, 0)
NFC -> REF [0][1][0][b]- (25, 5, 3, 1, 5, 0) (0, 5, 0, 0, 0, 1)
REF -> DSI [1][0][0][0]p (0, 5, 0, 0, 0, 1) (5, 5, 1, 0, 1, 1)
DSI -> MS3 [1][0][0][1]p (5, 5, 1, 0, 1, 1) (10, 5, 9, 0, 2, 1)
MS3 -> DSO [1][0][0][2]p (10, 5, 9, 0, 2, 1) (15, 5, 14, 0, 3, 1)
DSO -> REF [1][0][0][3]p (15, 5, 14, 0, 3, 1) (20, 5, 0, 0, 4, 1)
REF -> NFC [1][0][1][c]- (20, 5, 0, 0, 4, 1) (25, 5, 3, 1, 5, 0)
NFC -> DSO [0][1][1][5]￭ (25, 5, 3, 1, 5, 0) (55, 5, 14, 1, 11, 0)
DSO -> REF [0][1][2][d]- (55, 5, 14, 1, 11, 0) (25, 5, 0, 2, 5, 0)
REF -> DSI [0][2][2][5]￮ (25, 5, 0, 2, 5, 0) (30, 5, 1, 2, 6, 0)
DSI -> MS3 [0][2][2][6]￭ (30, 5, 1, 2, 6, 0) (35, 5, 9, 2, 7, 0)
MS3 -> DSO [0][2][2][7]￭ (35, 5, 9, 2, 7, 0) (50, 5, 14, 2, 10, 0)
DSO -> MS2 [0][2][0][e]- (50, 5, 14, 2, 10, 0) (35, 5, 8, 0, 7, 0)
MS2 -> MS3 [0][0][0][7]￭ (35, 5, 8, 0, 7, 0) (40, 5, 9, 0, 8, 0)
MS3 -> HBW [0][0][0][8]￭ (40, 5, 9, 0, 8, 0) (45, 5, 4, 0, 9, 0)
HBW -> REF [0][0][0][9]￭ (45, 5, 4, 0, 9, 0) (50, 5, 0, 0, 10, 0)
REF -> DSO [0][0][2][f]- (50, 5, 0, 0, 10, 0) (50, 5, 14, 2, 10, 0)
DSO -> REF [0][2][2][10]￮ (50, 5, 14, 2, 10, 0) (55, 5, 0, 2, 11, 0)
REF -> DSO [0][2][1][g]- (55, 5, 0, 2, 11, 0) (55, 5, 14, 1, 11, 0)
DSO -> REF [0][1][1][11]￮ (55, 5, 14, 1, 11, 0) (60, 5, 0, 1, 12, 0)
>>>>>>>>>>> ₛ  ₀  ₁  ₜ <<<<<<<<<<<<<<<<<<<<<<<<<<<<<<<<<<<
  Insertion refuted: null buffer in NFC.


  Schedule validation (sync 6):
>>>>>>>>>>> ₛ  ₀  ₁  ₜ <<<<<<<<<<<<<<<<<<<<<<<<<<<<<<<<<<<
REF -> DSI [0][0][0][0]￮ (0, 5, 0, 0, 0, 0) (5, 5, 1, 0, 1, 0)
DSI -> MS2 [0][0][0][1]⭑ (5, 5, 1, 0, 1, 0) (35, 5, 8, 0, 7, 0)
MS2 -> REF [0][0][1][a]- (35, 5, 8, 0, 7, 0) (5, 5, 0, 1, 1, 0)
REF -> HBW [0][1][1][1]￮ (5, 5, 0, 1, 1, 0) (10, 5, 4, 1, 2, 0)
HBW -> MPO [0][1][1][2]￭ (10, 5, 4, 1, 2, 0) (15, 5, 5, 1, 3, 0)
MPO -> SLD [0][1][1][3]￭ (15, 5, 5, 1, 3, 0) (20, 5, 6, 1, 4, 0)
SLD -> NFC [0][1][1][4]￭ (20, 5, 6, 1, 4, 0) (25, 5, 3, 1, 5, 0)
NFC -> DSO [0][1][1][5]￭ (25, 5, 3, 1, 5, 0) (55, 5, 14, 1, 11, 0)
DSO -> REF [0][1][2][b]- (55, 5, 14, 1, 11, 0) (25, 5, 0, 2, 5, 0)
REF -> DSI [0][2][2][5]D (25, 5, 0, 2, 5, 0) (30, 5, 1, 2, 6, 0)
DSI -> REF [0][2][0][c]- (30, 5, 1, 2, 6, 0) (0, 5, 0, 0, 0, 1)
REF -> DSI [1][0][0][0]p (0, 5, 0, 0, 0, 1) (5, 5, 1, 0, 1, 1)
DSI -> MS3 [1][0][0][1]p (5, 5, 1, 0, 1, 1) (10, 5, 9, 0, 2, 1)
MS3 -> DSO [1][0][0][2]p (10, 5, 9, 0, 2, 1) (15, 5, 14, 0, 3, 1)
DSO -> REF [1][0][0][3]p (15, 5, 14, 0, 3, 1) (20, 5, 0, 0, 4, 1)
REF -> DSI [1][0][2][d]- (20, 5, 0, 0, 4, 1) (30, 5, 1, 2, 6, 0)
DSI -> MS3 [0][2][2][6]￭ (30, 5, 1, 2, 6, 0) (35, 5, 9, 2, 7, 0)
MS3 -> DSO [0][2][2][7]￭ (35, 5, 9, 2, 7, 0) (50, 5, 14, 2, 10, 0)
DSO -> MS2 [0][2][0][e]- (50, 5, 14, 2, 10, 0) (35, 5, 8, 0, 7, 0)
MS2 -> MS3 [0][0][0][7]￭ (35, 5, 8, 0, 7, 0) (40, 5, 9, 0, 8, 0)
MS3 -> HBW [0][0][0][8]￭ (40, 5, 9, 0, 8, 0) (45, 5, 4, 0, 9, 0)
HBW -> REF [0][0][0][9]￭ (45, 5, 4, 0, 9, 0) (50, 5, 0, 0, 10, 0)
REF -> DSO [0][0][2][f]- (50, 5, 0, 0, 10, 0) (50, 5, 14, 2, 10, 0)
DSO -> REF [0][2][2][10]￮ (50, 5, 14, 2, 10, 0) (55, 5, 0, 2, 11, 0)
REF -> DSO [0][2][1][g]- (55, 5, 0, 2, 11, 0) (55, 5, 14, 1, 11, 0)
DSO -> REF [0][1][1][11]￮ (55, 5, 14, 1, 11, 0) (60, 5, 0, 1, 12, 0)
>>>>>>>>>>> ₛ  ₀  ₁  ₜ <<<<<<<<<<<<<<<<<<<<<<<<<<<<<<<<<<<
  Insertion refuted: null buffer in DSI.


  Schedule validation (sync 7):
>>>>>>>>>>> ₛ  ₀  ₁  ₜ <<<<<<<<<<<<<<<<<<<<<<<<<<<<<<<<<<<
REF -> DSI [0][0][0][0]￮ (0, 5, 0, 0, 0, 0) (5, 5, 1, 0, 1, 0)
DSI -> MS2 [0][0][0][1]⭑ (5, 5, 1, 0, 1, 0) (35, 5, 8, 0, 7, 0)
MS2 -> REF [0][0][1][a]- (35, 5, 8, 0, 7, 0) (5, 5, 0, 1, 1, 0)
REF -> HBW [0][1][1][1]￮ (5, 5, 0, 1, 1, 0) (10, 5, 4, 1, 2, 0)
HBW -> MPO [0][1][1][2]￭ (10, 5, 4, 1, 2, 0) (15, 5, 5, 1, 3, 0)
MPO -> SLD [0][1][1][3]￭ (15, 5, 5, 1, 3, 0) (20, 5, 6, 1, 4, 0)
SLD -> NFC [0][1][1][4]￭ (20, 5, 6, 1, 4, 0) (25, 5, 3, 1, 5, 0)
NFC -> DSO [0][1][1][5]￭ (25, 5, 3, 1, 5, 0) (55, 5, 14, 1, 11, 0)
DSO -> REF [0][1][2][b]- (55, 5, 14, 1, 11, 0) (25, 5, 0, 2, 5, 0)
REF -> DSI [0][2][2][5]￮ (25, 5, 0, 2, 5, 0) (30, 5, 1, 2, 6, 0)
DSI -> MS3 [0][2][2][6]⭑ (30, 5, 1, 2, 6, 0) (35, 5, 9, 2, 7, 0)
MS3 -> REF [0][2][0][c]- (35, 5, 9, 2, 7, 0) (0, 5, 0, 0, 0, 1)
REF -> DSI [1][0][0][0]p (0, 5, 0, 0, 0, 1) (5, 5, 1, 0, 1, 1)
DSI -> MS3 [1][0][0][1]S (5, 5, 1, 0, 1, 1) (10, 5, 9, 0, 2, 1)
MS3 -> DSO [1][0][0][2]p (10, 5, 9, 0, 2, 1) (15, 5, 14, 0, 3, 1)
DSO -> REF [1][0][0][3]p (15, 5, 14, 0, 3, 1) (20, 5, 0, 0, 4, 1)
REF -> MS3 [1][0][2][d]- (20, 5, 0, 0, 4, 1) (35, 5, 9, 2, 7, 0)
MS3 -> DSO [0][2][2][7]￭ (35, 5, 9, 2, 7, 0) (50, 5, 14, 2, 10, 0)
DSO -> MS2 [0][2][0][e]- (50, 5, 14, 2, 10, 0) (35, 5, 8, 0, 7, 0)
MS2 -> MS3 [0][0][0][7]￭ (35, 5, 8, 0, 7, 0) (40, 5, 9, 0, 8, 0)
MS3 -> HBW [0][0][0][8]￭ (40, 5, 9, 0, 8, 0) (45, 5, 4, 0, 9, 0)
HBW -> REF [0][0][0][9]￭ (45, 5, 4, 0, 9, 0) (50, 5, 0, 0, 10, 0)
REF -> DSO [0][0][2][f]- (50, 5, 0, 0, 10, 0) (50, 5, 14, 2, 10, 0)
DSO -> REF [0][2][2][10]￮ (50, 5, 14, 2, 10, 0) (55, 5, 0, 2, 11, 0)
REF -> DSO [0][2][1][g]- (55, 5, 0, 2, 11, 0) (55, 5, 14, 1, 11, 0)
DSO -> REF [0][1][1][11]￮ (55, 5, 14, 1, 11, 0) (60, 5, 0, 1, 12, 0)
>>>>>>>>>>> ₛ  ₀  ₁  ₜ <<<<<<<<<<<<<<<<<<<<<<<<<<<<<<<<<<<
  Insertion refuted: overlay on MS3.


  Schedule validation (sync 8):
>>>>>>>>>>> ₛ  ₀  ₁  ₜ <<<<<<<<<<<<<<<<<<<<<<<<<<<<<<<<<<<
REF -> DSI [0][0][0][0]￮ (0, 5, 0, 0, 0, 0) (5, 5, 1, 0, 1, 0)
DSI -> MS2 [0][0][0][1]⭑ (5, 5, 1, 0, 1, 0) (35, 5, 8, 0, 7, 0)
MS2 -> REF [0][0][1][a]- (35, 5, 8, 0, 7, 0) (5, 5, 0, 1, 1, 0)
REF -> HBW [0][1][1][1]￮ (5, 5, 0, 1, 1, 0) (10, 5, 4, 1, 2, 0)
HBW -> MPO [0][1][1][2]￭ (10, 5, 4, 1, 2, 0) (15, 5, 5, 1, 3, 0)
MPO -> SLD [0][1][1][3]￭ (15, 5, 5, 1, 3, 0) (20, 5, 6, 1, 4, 0)
SLD -> NFC [0][1][1][4]￭ (20, 5, 6, 1, 4, 0) (25, 5, 3, 1, 5, 0)
NFC -> DSO [0][1][1][5]￭ (25, 5, 3, 1, 5, 0) (55, 5, 14, 1, 11, 0)
DSO -> REF [0][1][2][b]- (55, 5, 14, 1, 11, 0) (25, 5, 0, 2, 5, 0)
REF -> DSI [0][2][2][5]￮ (25, 5, 0, 2, 5, 0) (30, 5, 1, 2, 6, 0)
DSI -> MS3 [0][2][2][6]￭ (30, 5, 1, 2, 6, 0) (35, 5, 9, 2, 7, 0)
MS3 -> DSO [0][2][2][7]￭ (35, 5, 9, 2, 7, 0) (50, 5, 14, 2, 10, 0)
DSO -> MS2 [0][2][0][c]- (50, 5, 14, 2, 10, 0) (35, 5, 8, 0, 7, 0)
MS2 -> MS3 [0][0][0][7]⭑ (35, 5, 8, 0, 7, 0) (40, 5, 9, 0, 8, 0)
MS3 -> REF [0][0][0][d]- (40, 5, 9, 0, 8, 0) (0, 5, 0, 0, 0, 1)
REF -> DSI [1][0][0][0]p (0, 5, 0, 0, 0, 1) (5, 5, 1, 0, 1, 1)
DSI -> MS3 [1][0][0][1]S (5, 5, 1, 0, 1, 1) (10, 5, 9, 0, 2, 1)
MS3 -> DSO [1][0][0][2]p (10, 5, 9, 0, 2, 1) (15, 5, 14, 0, 3, 1)
DSO -> REF [1][0][0][3]p (15, 5, 14, 0, 3, 1) (20, 5, 0, 0, 4, 1)
REF -> MS3 [1][0][0][e]- (20, 5, 0, 0, 4, 1) (40, 5, 9, 0, 8, 0)
MS3 -> HBW [0][0][0][8]￭ (40, 5, 9, 0, 8, 0) (45, 5, 4, 0, 9, 0)
HBW -> REF [0][0][0][9]￭ (45, 5, 4, 0, 9, 0) (50, 5, 0, 0, 10, 0)
REF -> DSO [0][0][2][f]- (50, 5, 0, 0, 10, 0) (50, 5, 14, 2, 10, 0)
DSO -> REF [0][2][2][10]￮ (50, 5, 14, 2, 10, 0) (55, 5, 0, 2, 11, 0)
REF -> DSO [0][2][1][g]- (55, 5, 0, 2, 11, 0) (55, 5, 14, 1, 11, 0)
DSO -> REF [0][1][1][11]￮ (55, 5, 14, 1, 11, 0) (60, 5, 0, 1, 12, 0)
>>>>>>>>>>> ₛ  ₀  ₁  ₜ <<<<<<<<<<<<<<<<<<<<<<<<<<<<<<<<<<<
  Insertion refuted: overlay on MS3.


  Schedule validation (sync 9):
>>>>>>>>>>> ₛ  ₀  ₁  ₜ <<<<<<<<<<<<<<<<<<<<<<<<<<<<<<<<<<<
REF -> DSI [0][0][0][0]￮ (0, 5, 0, 0, 0, 0) (5, 5, 1, 0, 1, 0)
DSI -> MS2 [0][0][0][1]⭑ (5, 5, 1, 0, 1, 0) (35, 5, 8, 0, 7, 0)
MS2 -> REF [0][0][1][a]- (35, 5, 8, 0, 7, 0) (5, 5, 0, 1, 1, 0)
REF -> HBW [0][1][1][1]￮ (5, 5, 0, 1, 1, 0) (10, 5, 4, 1, 2, 0)
HBW -> MPO [0][1][1][2]￭ (10, 5, 4, 1, 2, 0) (15, 5, 5, 1, 3, 0)
MPO -> SLD [0][1][1][3]￭ (15, 5, 5, 1, 3, 0) (20, 5, 6, 1, 4, 0)
SLD -> NFC [0][1][1][4]￭ (20, 5, 6, 1, 4, 0) (25, 5, 3, 1, 5, 0)
NFC -> DSO [0][1][1][5]￭ (25, 5, 3, 1, 5, 0) (55, 5, 14, 1, 11, 0)
DSO -> REF [0][1][2][b]- (55, 5, 14, 1, 11, 0) (25, 5, 0, 2, 5, 0)
REF -> DSI [0][2][2][5]￮ (25, 5, 0, 2, 5, 0) (30, 5, 1, 2, 6, 0)
DSI -> MS3 [0][2][2][6]￭ (30, 5, 1, 2, 6, 0) (35, 5, 9, 2, 7, 0)
MS3 -> DSO [0][2][2][7]￭ (35, 5, 9, 2, 7, 0) (50, 5, 14, 2, 10, 0)
DSO -> MS2 [0][2][0][c]- (50, 5, 14, 2, 10, 0) (35, 5, 8, 0, 7, 0)
MS2 -> MS3 [0][0][0][7]￭ (35, 5, 8, 0, 7, 0) (40, 5, 9, 0, 8, 0)
MS3 -> HBW [0][0][0][8]￮ (40, 5, 9, 0, 8, 0) (45, 5, 4, 0, 9, 0)
HBW -> REF [0][0][0][d]- (45, 5, 4, 0, 9, 0) (0, 5, 0, 0, 0, 1)
REF -> DSI [1][0][0][0]p (0, 5, 0, 0, 0, 1) (5, 5, 1, 0, 1, 1)
DSI -> MS3 [1][0][0][1]p (5, 5, 1, 0, 1, 1) (10, 5, 9, 0, 2, 1)
MS3 -> DSO [1][0][0][2]p (10, 5, 9, 0, 2, 1) (15, 5, 14, 0, 3, 1)
DSO -> REF [1][0][0][3]p (15, 5, 14, 0, 3, 1) (20, 5, 0, 0, 4, 1)
REF -> HBW [1][0][0][e]- (20, 5, 0, 0, 4, 1) (45, 5, 4, 0, 9, 0)
HBW -> REF [0][0][0][9]￭ (45, 5, 4, 0, 9, 0) (50, 5, 0, 0, 10, 0)
REF -> DSO [0][0][2][f]- (50, 5, 0, 0, 10, 0) (50, 5, 14, 2, 10, 0)
DSO -> REF [0][2][2][10]￮ (50, 5, 14, 2, 10, 0) (55, 5, 0, 2, 11, 0)
REF -> DSO [0][2][1][g]- (55, 5, 0, 2, 11, 0) (55, 5, 14, 1, 11, 0)
DSO -> REF [0][1][1][11]￮ (55, 5, 14, 1, 11, 0) (60, 5, 0, 1, 12, 0)
>>>>>>>>>>> ₛ  ₀  ₁  ₜ <<<<<<<<<<<<<<<<<<<<<<<<<<<<<<<<<<<
  Insertion passed: no deadlocks.


  Schedule validation (sync 10):
>>>>>>>>>>> ₛ  ₀  ₁  ₜ <<<<<<<<<<<<<<<<<<<<<<<<<<<<<<<<<<<
REF -> DSI [0][0][0][0]￮ (0, 5, 0, 0, 0, 0) (5, 5, 1, 0, 1, 0)
DSI -> MS2 [0][0][0][1]⭑ (5, 5, 1, 0, 1, 0) (35, 5, 8, 0, 7, 0)
MS2 -> REF [0][0][1][a]- (35, 5, 8, 0, 7, 0) (5, 5, 0, 1, 1, 0)
REF -> HBW [0][1][1][1]￮ (5, 5, 0, 1, 1, 0) (10, 5, 4, 1, 2, 0)
HBW -> MPO [0][1][1][2]￭ (10, 5, 4, 1, 2, 0) (15, 5, 5, 1, 3, 0)
MPO -> SLD [0][1][1][3]￭ (15, 5, 5, 1, 3, 0) (20, 5, 6, 1, 4, 0)
SLD -> NFC [0][1][1][4]￭ (20, 5, 6, 1, 4, 0) (25, 5, 3, 1, 5, 0)
NFC -> DSO [0][1][1][5]￭ (25, 5, 3, 1, 5, 0) (55, 5, 14, 1, 11, 0)
DSO -> REF [0][1][2][b]- (55, 5, 14, 1, 11, 0) (25, 5, 0, 2, 5, 0)
REF -> DSI [0][2][2][5]￮ (25, 5, 0, 2, 5, 0) (30, 5, 1, 2, 6, 0)
DSI -> MS3 [0][2][2][6]￭ (30, 5, 1, 2, 6, 0) (35, 5, 9, 2, 7, 0)
MS3 -> DSO [0][2][2][7]￭ (35, 5, 9, 2, 7, 0) (50, 5, 14, 2, 10, 0)
DSO -> MS2 [0][2][0][c]- (50, 5, 14, 2, 10, 0) (35, 5, 8, 0, 7, 0)
MS2 -> MS3 [0][0][0][7]￭ (35, 5, 8, 0, 7, 0) (40, 5, 9, 0, 8, 0)
MS3 -> HBW [0][0][0][8]￭ (40, 5, 9, 0, 8, 0) (45, 5, 4, 0, 9, 0)
HBW -> REF [0][0][0][9]￭ (45, 5, 4, 0, 9, 0) (50, 5, 0, 0, 10, 0)
REF -> REF [0][0][0][d]- (50, 5, 0, 0, 10, 0) (0, 5, 0, 0, 0, 1)
REF -> DSI [1][0][0][0]p (0, 5, 0, 0, 0, 1) (5, 5, 1, 0, 1, 1)
DSI -> MS3 [1][0][0][1]p (5, 5, 1, 0, 1, 1) (10, 5, 9, 0, 2, 1)
MS3 -> DSO [1][0][0][2]p (10, 5, 9, 0, 2, 1) (15, 5, 14, 0, 3, 1)
DSO -> REF [1][0][0][3]p (15, 5, 14, 0, 3, 1) (20, 5, 0, 0, 4, 1)
REF -> REF [1][0][0][e]- (20, 5, 0, 0, 4, 1) (50, 5, 0, 0, 10, 0)
REF -> DSO [0][0][2][f]- (50, 5, 0, 0, 10, 0) (50, 5, 14, 2, 10, 0)
DSO -> REF [0][2][2][10]￮ (50, 5, 14, 2, 10, 0) (55, 5, 0, 2, 11, 0)
REF -> DSO [0][2][1][g]- (55, 5, 0, 2, 11, 0) (55, 5, 14, 1, 11, 0)
DSO -> REF [0][1][1][11]￮ (55, 5, 14, 1, 11, 0) (60, 5, 0, 1, 12, 0)
>>>>>>>>>>> ₛ  ₀  ₁  ₜ <<<<<<<<<<<<<<<<<<<<<<<<<<<<<<<<<<<
  Insertion passed: no deadlocks.


  Schedule validation (sync 11):
>>>>>>>>>>> ₛ  ₀  ₁  ₜ <<<<<<<<<<<<<<<<<<<<<<<<<<<<<<<<<<<
REF -> DSI [0][0][0][0]￮ (0, 5, 0, 0, 0, 0) (5, 5, 1, 0, 1, 0)
DSI -> MS2 [0][0][0][1]⭑ (5, 5, 1, 0, 1, 0) (35, 5, 8, 0, 7, 0)
MS2 -> REF [0][0][1][a]- (35, 5, 8, 0, 7, 0) (5, 5, 0, 1, 1, 0)
REF -> HBW [0][1][1][1]￮ (5, 5, 0, 1, 1, 0) (10, 5, 4, 1, 2, 0)
HBW -> MPO [0][1][1][2]￭ (10, 5, 4, 1, 2, 0) (15, 5, 5, 1, 3, 0)
MPO -> SLD [0][1][1][3]￭ (15, 5, 5, 1, 3, 0) (20, 5, 6, 1, 4, 0)
SLD -> NFC [0][1][1][4]￭ (20, 5, 6, 1, 4, 0) (25, 5, 3, 1, 5, 0)
NFC -> DSO [0][1][1][5]￭ (25, 5, 3, 1, 5, 0) (55, 5, 14, 1, 11, 0)
DSO -> REF [0][1][2][b]- (55, 5, 14, 1, 11, 0) (25, 5, 0, 2, 5, 0)
REF -> DSI [0][2][2][5]￮ (25, 5, 0, 2, 5, 0) (30, 5, 1, 2, 6, 0)
DSI -> MS3 [0][2][2][6]￭ (30, 5, 1, 2, 6, 0) (35, 5, 9, 2, 7, 0)
MS3 -> DSO [0][2][2][7]￭ (35, 5, 9, 2, 7, 0) (50, 5, 14, 2, 10, 0)
DSO -> MS2 [0][2][0][c]- (50, 5, 14, 2, 10, 0) (35, 5, 8, 0, 7, 0)
MS2 -> MS3 [0][0][0][7]￭ (35, 5, 8, 0, 7, 0) (40, 5, 9, 0, 8, 0)
MS3 -> HBW [0][0][0][8]￭ (40, 5, 9, 0, 8, 0) (45, 5, 4, 0, 9, 0)
HBW -> REF [0][0][0][9]￭ (45, 5, 4, 0, 9, 0) (50, 5, 0, 0, 10, 0)
REF -> DSO [0][0][2][d]- (50, 5, 0, 0, 10, 0) (50, 5, 14, 2, 10, 0)
DSO -> REF [0][2][2][10]￭ (50, 5, 14, 2, 10, 0) (55, 5, 0, 2, 11, 0)
REF -> REF [0][2][0][e]- (55, 5, 0, 2, 11, 0) (0, 5, 0, 0, 0, 1)
REF -> DSI [1][0][0][0]p (0, 5, 0, 0, 0, 1) (5, 5, 1, 0, 1, 1)
DSI -> MS3 [1][0][0][1]p (5, 5, 1, 0, 1, 1) (10, 5, 9, 0, 2, 1)
MS3 -> DSO [1][0][0][2]p (10, 5, 9, 0, 2, 1) (15, 5, 14, 0, 3, 1)
DSO -> REF [1][0][0][3]p (15, 5, 14, 0, 3, 1) (20, 5, 0, 0, 4, 1)
REF -> REF [1][0][2][f]- (20, 5, 0, 0, 4, 1) (55, 5, 0, 2, 11, 0)
REF -> DSO [0][2][1][g]- (55, 5, 0, 2, 11, 0) (55, 5, 14, 1, 11, 0)
DSO -> REF [0][1][1][11]￮ (55, 5, 14, 1, 11, 0) (60, 5, 0, 1, 12, 0)
>>>>>>>>>>> ₛ  ₀  ₁  ₜ <<<<<<<<<<<<<<<<<<<<<<<<<<<<<<<<<<<
  Insertion passed: no deadlocks.


  Schedule validation (sync 12):
>>>>>>>>>>> ₛ  ₀  ₁  ₜ <<<<<<<<<<<<<<<<<<<<<<<<<<<<<<<<<<<
REF -> DSI [0][0][0][0]￮ (0, 5, 0, 0, 0, 0) (5, 5, 1, 0, 1, 0)
DSI -> MS2 [0][0][0][1]⭑ (5, 5, 1, 0, 1, 0) (35, 5, 8, 0, 7, 0)
MS2 -> REF [0][0][1][a]- (35, 5, 8, 0, 7, 0) (5, 5, 0, 1, 1, 0)
REF -> HBW [0][1][1][1]￮ (5, 5, 0, 1, 1, 0) (10, 5, 4, 1, 2, 0)
HBW -> MPO [0][1][1][2]￭ (10, 5, 4, 1, 2, 0) (15, 5, 5, 1, 3, 0)
MPO -> SLD [0][1][1][3]￭ (15, 5, 5, 1, 3, 0) (20, 5, 6, 1, 4, 0)
SLD -> NFC [0][1][1][4]￭ (20, 5, 6, 1, 4, 0) (25, 5, 3, 1, 5, 0)
NFC -> DSO [0][1][1][5]￭ (25, 5, 3, 1, 5, 0) (55, 5, 14, 1, 11, 0)
DSO -> REF [0][1][2][b]- (55, 5, 14, 1, 11, 0) (25, 5, 0, 2, 5, 0)
REF -> DSI [0][2][2][5]￮ (25, 5, 0, 2, 5, 0) (30, 5, 1, 2, 6, 0)
DSI -> MS3 [0][2][2][6]￭ (30, 5, 1, 2, 6, 0) (35, 5, 9, 2, 7, 0)
MS3 -> DSO [0][2][2][7]￭ (35, 5, 9, 2, 7, 0) (50, 5, 14, 2, 10, 0)
DSO -> MS2 [0][2][0][c]- (50, 5, 14, 2, 10, 0) (35, 5, 8, 0, 7, 0)
MS2 -> MS3 [0][0][0][7]￭ (35, 5, 8, 0, 7, 0) (40, 5, 9, 0, 8, 0)
MS3 -> HBW [0][0][0][8]￭ (40, 5, 9, 0, 8, 0) (45, 5, 4, 0, 9, 0)
HBW -> REF [0][0][0][9]￭ (45, 5, 4, 0, 9, 0) (50, 5, 0, 0, 10, 0)
REF -> DSO [0][0][2][d]- (50, 5, 0, 0, 10, 0) (50, 5, 14, 2, 10, 0)
DSO -> REF [0][2][2][10]￮ (50, 5, 14, 2, 10, 0) (55, 5, 0, 2, 11, 0)
REF -> DSO [0][2][1][e]- (55, 5, 0, 2, 11, 0) (55, 5, 14, 1, 11, 0)
DSO -> REF [0][1][1][11]￭ (55, 5, 14, 1, 11, 0) (60, 5, 0, 1, 12, 0)
REF -> REF [0][1][0][f]- (60, 5, 0, 1, 12, 0) (0, 5, 0, 0, 0, 1)
REF -> DSI [1][0][0][0]p (0, 5, 0, 0, 0, 1) (5, 5, 1, 0, 1, 1)
DSI -> MS3 [1][0][0][1]p (5, 5, 1, 0, 1, 1) (10, 5, 9, 0, 2, 1)
MS3 -> DSO [1][0][0][2]p (10, 5, 9, 0, 2, 1) (15, 5, 14, 0, 3, 1)
DSO -> REF [1][0][0][3]p (15, 5, 14, 0, 3, 1) (20, 5, 0, 0, 4, 1)
REF -> REF [1][0][1][g]- (20, 5, 0, 0, 4, 1) (60, 5, 0, 1, 12, 0)
>>>>>>>>>>> ₛ  ₀  ₁  ₜ <<<<<<<<<<<<<<<<<<<<<<<<<<<<<<<<<<<
  Insertion passed: no deadlocks.

