>>> generate overlay mapping:
REF -> DSI [0]  [0, 5, 0, 0, 0] [5, 5, 1, 0, 1]
DSI -> MS1 [0]* [5, 5, 1, 0, 1] [15, 5, 7, 0, 3]
MS1 -> REF [a]
REF -> HBW [1]  [5, 5, 0, 1, 1] [10, 5, 4, 1, 2]
HBW -> MS3 [1]* [10, 5, 4, 1, 2] [15, 5, 9, 1, 3]
MS3 -> REF [b]
REF -> DSI [2]  [10, 5, 0, 2, 2] [15, 5, 1, 2, 3]
DSI -> MS6 [2]* [15, 5, 1, 2, 3] [35, 5, 12, 2, 7]
MS6 -> MS1 [c]
MS1 -> MS5 [0]* [15, 5, 7, 0, 3] [20, 5, 11, 0, 4]
MS5 -> MS3 [d]
MS3 -> MS2 [1]* [15, 5, 9, 1, 3] [30, 5, 8, 1, 6]
MS2 -> MS5 [e]
MS5 -> HBW [0]  [20, 5, 11, 0, 4] [25, 5, 4, 0, 5]
HBW -> REF [0]  [25, 5, 4, 0, 5] [30, 5, 0, 0, 6]
MS2 -> NFC [1]  [30, 5, 8, 1, 6] [35, 5, 3, 1, 7]
NFC -> DSO [1]  [35, 5, 3, 1, 7] [40, 5, 14, 1, 8]
DSO -> MS6 [f]
MS6 -> DSC [2]  [35, 5, 12, 2, 7] [40, 5, 2, 2, 8]
DSC -> DSO [2]  [40, 5, 2, 2, 8] [45, 5, 14, 2, 9]
DSO -> DSO [g]
DSO -> REF [1]  [40, 5, 14, 1, 8] [45, 5, 0, 1, 9]
DSO -> REF [2]  [45, 5, 14, 2, 9] [50, 5, 0, 2, 10]
overlap idx: []
there is no overlap!

>>> apply the serializer filter
>>> apply the pruning filter

>>> generate overlay mapping:
REF -> DSI [0]  [0, 5, 0, 0, 0] [5, 5, 1, 0, 1]
DSI -> MS1 [0]* [5, 5, 1, 0, 1] [15, 5, 7, 0, 3]
MS1 -> REF [a]
REF -> HBW [1]  [5, 5, 0, 1, 1] [10, 5, 4, 1, 2]
HBW -> MS3 [1]* [10, 5, 4, 1, 2] [15, 5, 9, 1, 3]
MS3 -> REF [b]
REF -> DSI [2]  [10, 5, 0, 2, 2] [15, 5, 1, 2, 3]
DSI -> MS6 [2]* [15, 5, 1, 2, 3] [35, 5, 12, 2, 7]
MS6 -> MS1 [c]
MS1 -> MS5 [0]* [15, 5, 7, 0, 3] [20, 5, 11, 0, 4]
MS5 -> MS3 [d]
MS3 -> MS2 [1]* [15, 5, 9, 1, 3] [30, 5, 8, 1, 6]
MS2 -> MS5 [e]
MS5 -> HBW [0]  [20, 5, 11, 0, 4] [25, 5, 4, 0, 5]
HBW -> REF [0]  [25, 5, 4, 0, 5] [30, 5, 0, 0, 6]
MS2 -> NFC [1]  [30, 5, 8, 1, 6] [35, 5, 3, 1, 7]
NFC -> DSO [1]  [35, 5, 3, 1, 7] [40, 5, 14, 1, 8]
DSO -> MS6 [f]
MS6 -> DSC [2]  [35, 5, 12, 2, 7] [40, 5, 2, 2, 8]
DSC -> DSO [2]  [40, 5, 2, 2, 8] [45, 5, 14, 2, 9]
DSO -> DSO [g]
DSO -> REF [1]  [40, 5, 14, 1, 8] [45, 5, 0, 1, 9]
DSO -> REF [2]  [45, 5, 14, 2, 9] [50, 5, 0, 2, 10]
overlap idx: []
there is no overlap!
Optimal Schedule Length: 55
15.248291015625
[0, 5, 0, 0, 0]
[5, 5, 1, 0, 1]
[5, 5, 0, 1, 1]
[10, 5, 4, 1, 2]
[10, 5, 0, 2, 2]
[15, 5, 1, 2, 3]
[15, 5, 7, 0, 3]
[15, 5, 9, 1, 3]
[20, 5, 11, 0, 4]
[25, 5, 4, 0, 5]
[30, 5, 0, 0, 6]
[30, 5, 8, 1, 6]
[35, 5, 3, 1, 7]
[35, 5, 12, 2, 7]
[40, 5, 2, 2, 8]
[40, 5, 14, 1, 8]
[45, 5, 0, 1, 9]
[45, 5, 14, 2, 9]
[50, 5, 0, 2, 10]

--------------------------------------------------------------------------------

>>> generate overlay mapping:
REF -> DSI [0]  [0, 5, 0, 0, 0] [5, 5, 1, 0, 1]
DSI -> MS1 [0]  [5, 5, 1, 0, 1] [10, 5, 7, 0, 2]
MS1 -> NFC [0]  [10, 5, 7, 0, 2] [15, 5, 3, 0, 3]
NFC -> DSO [0]  [15, 5, 3, 0, 3] [20, 5, 14, 0, 4]
DSO -> REF [0]  [20, 5, 14, 0, 4] [25, 5, 0, 0, 5]
overlap idx: []
there is no overlap!

>>> apply the serializer filter
>>> apply the pruning filter

>>> generate overlay mapping:
REF -> DSI [0]  [0, 5, 0, 0, 0] [5, 5, 1, 0, 1]
DSI -> MS1 [0]  [5, 5, 1, 0, 1] [10, 5, 7, 0, 2]
MS1 -> NFC [0]  [10, 5, 7, 0, 2] [15, 5, 3, 0, 3]
NFC -> DSO [0]  [15, 5, 3, 0, 3] [20, 5, 14, 0, 4]
DSO -> REF [0]  [20, 5, 14, 0, 4] [25, 5, 0, 0, 5]
overlap idx: []
there is no overlap!
Optimal Schedule Length: 30
7.020751953125
[0, 5, 0, 0, 0]
[5, 5, 1, 0, 1]
[10, 5, 7, 0, 2]
[15, 5, 3, 0, 3]
[20, 5, 14, 0, 4]
[25, 5, 0, 0, 5]

--------------------------------------------------------------------------------

buffer0:  [(0, 5, 0, 0, 0), (5, 5, 1, 0, 1), (5, 5, 0, 1, 1), (10, 5, 4, 1, 2), (10, 5, 0, 2, 2), (15, 5, 1, 2, 3), (15, 5, 7, 0, 3), (15, 5, 9, 1, 3), (20, 5, 11, 0, 4), (25, 5, 4, 0, 5), (30, 5, 0, 0, 6), (30, 5, 8, 1, 6), (35, 5, 3, 1, 7), (35, 5, 12, 2, 7), (40, 5, 2, 2, 8), (40, 5, 14, 1, 8), (45, 5, 0, 1, 9), (45, 5, 14, 2, 9), (50, 5, 0, 2, 10)]
buffer1:  [(0, 5, 0, 0, 0), (5, 5, 1, 0, 1), (10, 5, 7, 0, 2), (15, 5, 3, 0, 3), (20, 5, 14, 0, 4), (25, 5, 0, 0, 5)]
sync0:  0

  Schedule validation (sync 0):
>>>>>>>>>>> ₛ  ₀  ₁  ₜ <<<<<<<<<<<<<<<<<<<<<<<<<<<<<<<<<<<
REF -> DSI [1][0][0][0]p (0, 5, 0, 0, 0, 1) (5, 5, 1, 0, 1, 1)
DSI -> MS1 [1][0][0][1]p (5, 5, 1, 0, 1, 1) (10, 5, 7, 0, 2, 1)
MS1 -> NFC [1][0][0][2]p (10, 5, 7, 0, 2, 1) (15, 5, 3, 0, 3, 1)
NFC -> DSO [1][0][0][3]p (15, 5, 3, 0, 3, 1) (20, 5, 14, 0, 4, 1)
DSO -> REF [1][0][0][4]p (20, 5, 14, 0, 4, 1) (25, 5, 0, 0, 5, 1)
REF -> REF [1][0][0][a]- (25, 5, 0, 0, 5, 1) (0, 5, 0, 0, 0, 0)
REF -> DSI [0][0][0][0]￮ (0, 5, 0, 0, 0, 0) (5, 5, 1, 0, 1, 0)
DSI -> MS1 [0][0][0][1]⭑ (5, 5, 1, 0, 1, 0) (15, 5, 7, 0, 3, 0)
MS1 -> REF [0][0][1][b]- (15, 5, 7, 0, 3, 0) (5, 5, 0, 1, 1, 0)
REF -> HBW [0][1][1][1]￮ (5, 5, 0, 1, 1, 0) (10, 5, 4, 1, 2, 0)
HBW -> MS3 [0][1][1][2]⭑ (10, 5, 4, 1, 2, 0) (15, 5, 9, 1, 3, 0)
MS3 -> REF [0][1][2][c]- (15, 5, 9, 1, 3, 0) (10, 5, 0, 2, 2, 0)
REF -> DSI [0][2][2][2]￮ (10, 5, 0, 2, 2, 0) (15, 5, 1, 2, 3, 0)
DSI -> MS6 [0][2][2][3]⭑ (15, 5, 1, 2, 3, 0) (35, 5, 12, 2, 7, 0)
MS6 -> MS1 [0][2][0][d]- (35, 5, 12, 2, 7, 0) (15, 5, 7, 0, 3, 0)
MS1 -> MS5 [0][0][0][3]⭑ (15, 5, 7, 0, 3, 0) (20, 5, 11, 0, 4, 0)
MS5 -> MS3 [0][0][1][e]- (20, 5, 11, 0, 4, 0) (15, 5, 9, 1, 3, 0)
MS3 -> MS2 [0][1][1][3]⭑ (15, 5, 9, 1, 3, 0) (30, 5, 8, 1, 6, 0)
MS2 -> MS5 [0][1][0][f]- (30, 5, 8, 1, 6, 0) (20, 5, 11, 0, 4, 0)
MS5 -> HBW [0][0][0][4]￭ (20, 5, 11, 0, 4, 0) (25, 5, 4, 0, 5, 0)
HBW -> REF [0][0][0][5]￭ (25, 5, 4, 0, 5, 0) (30, 5, 0, 0, 6, 0)
REF -> MS2 [0][0][1][g]- (30, 5, 0, 0, 6, 0) (30, 5, 8, 1, 6, 0)
MS2 -> NFC [0][1][1][6]￭ (30, 5, 8, 1, 6, 0) (35, 5, 3, 1, 7, 0)
NFC -> DSO [0][1][1][7]￭ (35, 5, 3, 1, 7, 0) (40, 5, 14, 1, 8, 0)
DSO -> MS6 [0][1][2][h]- (40, 5, 14, 1, 8, 0) (35, 5, 12, 2, 7, 0)
MS6 -> DSC [0][2][2][7]￭ (35, 5, 12, 2, 7, 0) (40, 5, 2, 2, 8, 0)
DSC -> DSO [0][2][2][8]￭ (40, 5, 2, 2, 8, 0) (45, 5, 14, 2, 9, 0)
DSO -> DSO [0][2][1][i]- (45, 5, 14, 2, 9, 0) (40, 5, 14, 1, 8, 0)
DSO -> REF [0][1][1][8]￮ (40, 5, 14, 1, 8, 0) (45, 5, 0, 1, 9, 0)
REF -> DSO [0][1][2][j]- (45, 5, 0, 1, 9, 0) (45, 5, 14, 2, 9, 0)
DSO -> REF [0][2][2][9]￮ (45, 5, 14, 2, 9, 0) (50, 5, 0, 2, 10, 0)
>>>>>>>>>>> ₛ  ₀  ₁  ₜ <<<<<<<<<<<<<<<<<<<<<<<<<<<<<<<<<<<
  Insertion passed: no deadlocks.


  Schedule validation (sync 1):
>>>>>>>>>>> ₛ  ₀  ₁  ₜ <<<<<<<<<<<<<<<<<<<<<<<<<<<<<<<<<<<
REF -> DSI [0][0][0][0]D (0, 5, 0, 0, 0, 0) (5, 5, 1, 0, 1, 0)
DSI -> REF [0][0][0][a]- (5, 5, 1, 0, 1, 0) (0, 5, 0, 0, 0, 1)
REF -> DSI [1][0][0][0]p (0, 5, 0, 0, 0, 1) (5, 5, 1, 0, 1, 1)
DSI -> MS1 [1][0][0][1]p (5, 5, 1, 0, 1, 1) (10, 5, 7, 0, 2, 1)
MS1 -> NFC [1][0][0][2]p (10, 5, 7, 0, 2, 1) (15, 5, 3, 0, 3, 1)
NFC -> DSO [1][0][0][3]p (15, 5, 3, 0, 3, 1) (20, 5, 14, 0, 4, 1)
DSO -> REF [1][0][0][4]p (20, 5, 14, 0, 4, 1) (25, 5, 0, 0, 5, 1)
REF -> DSI [1][0][0][b]- (25, 5, 0, 0, 5, 1) (5, 5, 1, 0, 1, 0)
DSI -> MS1 [0][0][0][1]⭑ (5, 5, 1, 0, 1, 0) (15, 5, 7, 0, 3, 0)
MS1 -> REF [0][0][1][c]- (15, 5, 7, 0, 3, 0) (5, 5, 0, 1, 1, 0)
REF -> HBW [0][1][1][1]￮ (5, 5, 0, 1, 1, 0) (10, 5, 4, 1, 2, 0)
HBW -> MS3 [0][1][1][2]⭑ (10, 5, 4, 1, 2, 0) (15, 5, 9, 1, 3, 0)
MS3 -> REF [0][1][2][d]- (15, 5, 9, 1, 3, 0) (10, 5, 0, 2, 2, 0)
REF -> DSI [0][2][2][2]￮ (10, 5, 0, 2, 2, 0) (15, 5, 1, 2, 3, 0)
DSI -> MS6 [0][2][2][3]⭑ (15, 5, 1, 2, 3, 0) (35, 5, 12, 2, 7, 0)
MS6 -> MS1 [0][2][0][e]- (35, 5, 12, 2, 7, 0) (15, 5, 7, 0, 3, 0)
MS1 -> MS5 [0][0][0][3]⭑ (15, 5, 7, 0, 3, 0) (20, 5, 11, 0, 4, 0)
MS5 -> MS3 [0][0][1][f]- (20, 5, 11, 0, 4, 0) (15, 5, 9, 1, 3, 0)
MS3 -> MS2 [0][1][1][3]⭑ (15, 5, 9, 1, 3, 0) (30, 5, 8, 1, 6, 0)
MS2 -> MS5 [0][1][0][g]- (30, 5, 8, 1, 6, 0) (20, 5, 11, 0, 4, 0)
MS5 -> HBW [0][0][0][4]￭ (20, 5, 11, 0, 4, 0) (25, 5, 4, 0, 5, 0)
HBW -> REF [0][0][0][5]￭ (25, 5, 4, 0, 5, 0) (30, 5, 0, 0, 6, 0)
REF -> MS2 [0][0][1][h]- (30, 5, 0, 0, 6, 0) (30, 5, 8, 1, 6, 0)
MS2 -> NFC [0][1][1][6]￭ (30, 5, 8, 1, 6, 0) (35, 5, 3, 1, 7, 0)
NFC -> DSO [0][1][1][7]￭ (35, 5, 3, 1, 7, 0) (40, 5, 14, 1, 8, 0)
DSO -> MS6 [0][1][2][i]- (40, 5, 14, 1, 8, 0) (35, 5, 12, 2, 7, 0)
MS6 -> DSC [0][2][2][7]￭ (35, 5, 12, 2, 7, 0) (40, 5, 2, 2, 8, 0)
DSC -> DSO [0][2][2][8]￭ (40, 5, 2, 2, 8, 0) (45, 5, 14, 2, 9, 0)
DSO -> DSO [0][2][1][j]- (45, 5, 14, 2, 9, 0) (40, 5, 14, 1, 8, 0)
DSO -> REF [0][1][1][8]￮ (40, 5, 14, 1, 8, 0) (45, 5, 0, 1, 9, 0)
REF -> DSO [0][1][2][k]- (45, 5, 0, 1, 9, 0) (45, 5, 14, 2, 9, 0)
DSO -> REF [0][2][2][9]￮ (45, 5, 14, 2, 9, 0) (50, 5, 0, 2, 10, 0)
>>>>>>>>>>> ₛ  ₀  ₁  ₜ <<<<<<<<<<<<<<<<<<<<<<<<<<<<<<<<<<<
  Insertion refuted: null buffer in DSI.


  Schedule validation (sync 2):
>>>>>>>>>>> ₛ  ₀  ₁  ₜ <<<<<<<<<<<<<<<<<<<<<<<<<<<<<<<<<<<
REF -> DSI [0][0][0][0]￮ (0, 5, 0, 0, 0, 0) (5, 5, 1, 0, 1, 0)
DSI -> MS1 [0][0][0][1]⭑ (5, 5, 1, 0, 1, 0) (15, 5, 7, 0, 3, 0)
MS1 -> REF [0][0][1][a]- (15, 5, 7, 0, 3, 0) (5, 5, 0, 1, 1, 0)
REF -> HBW [0][1][1][1]D (5, 5, 0, 1, 1, 0) (10, 5, 4, 1, 2, 0)
HBW -> REF [0][1][0][b]- (10, 5, 4, 1, 2, 0) (0, 5, 0, 0, 0, 1)
REF -> DSI [1][0][0][0]p (0, 5, 0, 0, 0, 1) (5, 5, 1, 0, 1, 1)
DSI -> MS1 [1][0][0][1]S (5, 5, 1, 0, 1, 1) (10, 5, 7, 0, 2, 1)
MS1 -> NFC [1][0][0][2]p (10, 5, 7, 0, 2, 1) (15, 5, 3, 0, 3, 1)
NFC -> DSO [1][0][0][3]p (15, 5, 3, 0, 3, 1) (20, 5, 14, 0, 4, 1)
DSO -> REF [1][0][0][4]p (20, 5, 14, 0, 4, 1) (25, 5, 0, 0, 5, 1)
REF -> HBW [1][0][1][c]- (25, 5, 0, 0, 5, 1) (10, 5, 4, 1, 2, 0)
HBW -> MS3 [0][1][1][2]⭑ (10, 5, 4, 1, 2, 0) (15, 5, 9, 1, 3, 0)
MS3 -> REF [0][1][2][d]- (15, 5, 9, 1, 3, 0) (10, 5, 0, 2, 2, 0)
REF -> DSI [0][2][2][2]￮ (10, 5, 0, 2, 2, 0) (15, 5, 1, 2, 3, 0)
DSI -> MS6 [0][2][2][3]⭑ (15, 5, 1, 2, 3, 0) (35, 5, 12, 2, 7, 0)
MS6 -> MS1 [0][2][0][e]- (35, 5, 12, 2, 7, 0) (15, 5, 7, 0, 3, 0)
MS1 -> MS5 [0][0][0][3]⭑ (15, 5, 7, 0, 3, 0) (20, 5, 11, 0, 4, 0)
MS5 -> MS3 [0][0][1][f]- (20, 5, 11, 0, 4, 0) (15, 5, 9, 1, 3, 0)
MS3 -> MS2 [0][1][1][3]⭑ (15, 5, 9, 1, 3, 0) (30, 5, 8, 1, 6, 0)
MS2 -> MS5 [0][1][0][g]- (30, 5, 8, 1, 6, 0) (20, 5, 11, 0, 4, 0)
MS5 -> HBW [0][0][0][4]￭ (20, 5, 11, 0, 4, 0) (25, 5, 4, 0, 5, 0)
HBW -> REF [0][0][0][5]￭ (25, 5, 4, 0, 5, 0) (30, 5, 0, 0, 6, 0)
REF -> MS2 [0][0][1][h]- (30, 5, 0, 0, 6, 0) (30, 5, 8, 1, 6, 0)
MS2 -> NFC [0][1][1][6]￭ (30, 5, 8, 1, 6, 0) (35, 5, 3, 1, 7, 0)
NFC -> DSO [0][1][1][7]￭ (35, 5, 3, 1, 7, 0) (40, 5, 14, 1, 8, 0)
DSO -> MS6 [0][1][2][i]- (40, 5, 14, 1, 8, 0) (35, 5, 12, 2, 7, 0)
MS6 -> DSC [0][2][2][7]￭ (35, 5, 12, 2, 7, 0) (40, 5, 2, 2, 8, 0)
DSC -> DSO [0][2][2][8]￭ (40, 5, 2, 2, 8, 0) (45, 5, 14, 2, 9, 0)
DSO -> DSO [0][2][1][j]- (45, 5, 14, 2, 9, 0) (40, 5, 14, 1, 8, 0)
DSO -> REF [0][1][1][8]￮ (40, 5, 14, 1, 8, 0) (45, 5, 0, 1, 9, 0)
REF -> DSO [0][1][2][k]- (45, 5, 0, 1, 9, 0) (45, 5, 14, 2, 9, 0)
DSO -> REF [0][2][2][9]￮ (45, 5, 14, 2, 9, 0) (50, 5, 0, 2, 10, 0)
>>>>>>>>>>> ₛ  ₀  ₁  ₜ <<<<<<<<<<<<<<<<<<<<<<<<<<<<<<<<<<<
  Insertion refuted: overlay on MS1.
  Insertion refuted: null buffer in HBW.


  Schedule validation (sync 3):
>>>>>>>>>>> ₛ  ₀  ₁  ₜ <<<<<<<<<<<<<<<<<<<<<<<<<<<<<<<<<<<
REF -> DSI [0][0][0][0]￮ (0, 5, 0, 0, 0, 0) (5, 5, 1, 0, 1, 0)
DSI -> MS1 [0][0][0][1]⭑ (5, 5, 1, 0, 1, 0) (15, 5, 7, 0, 3, 0)
MS1 -> REF [0][0][1][a]- (15, 5, 7, 0, 3, 0) (5, 5, 0, 1, 1, 0)
REF -> HBW [0][1][1][1]￮ (5, 5, 0, 1, 1, 0) (10, 5, 4, 1, 2, 0)
HBW -> MS3 [0][1][1][2]⭑ (10, 5, 4, 1, 2, 0) (15, 5, 9, 1, 3, 0)
MS3 -> REF [0][1][2][b]- (15, 5, 9, 1, 3, 0) (10, 5, 0, 2, 2, 0)
REF -> DSI [0][2][2][2]D (10, 5, 0, 2, 2, 0) (15, 5, 1, 2, 3, 0)
DSI -> REF [0][2][0][c]- (15, 5, 1, 2, 3, 0) (0, 5, 0, 0, 0, 1)
REF -> DSI [1][0][0][0]p (0, 5, 0, 0, 0, 1) (5, 5, 1, 0, 1, 1)
DSI -> MS1 [1][0][0][1]S (5, 5, 1, 0, 1, 1) (10, 5, 7, 0, 2, 1)
MS1 -> NFC [1][0][0][2]p (10, 5, 7, 0, 2, 1) (15, 5, 3, 0, 3, 1)
NFC -> DSO [1][0][0][3]p (15, 5, 3, 0, 3, 1) (20, 5, 14, 0, 4, 1)
DSO -> REF [1][0][0][4]p (20, 5, 14, 0, 4, 1) (25, 5, 0, 0, 5, 1)
REF -> DSI [1][0][2][d]- (25, 5, 0, 0, 5, 1) (15, 5, 1, 2, 3, 0)
DSI -> MS6 [0][2][2][3]⭑ (15, 5, 1, 2, 3, 0) (35, 5, 12, 2, 7, 0)
MS6 -> MS1 [0][2][0][e]- (35, 5, 12, 2, 7, 0) (15, 5, 7, 0, 3, 0)
MS1 -> MS5 [0][0][0][3]⭑ (15, 5, 7, 0, 3, 0) (20, 5, 11, 0, 4, 0)
MS5 -> MS3 [0][0][1][f]- (20, 5, 11, 0, 4, 0) (15, 5, 9, 1, 3, 0)
MS3 -> MS2 [0][1][1][3]⭑ (15, 5, 9, 1, 3, 0) (30, 5, 8, 1, 6, 0)
MS2 -> MS5 [0][1][0][g]- (30, 5, 8, 1, 6, 0) (20, 5, 11, 0, 4, 0)
MS5 -> HBW [0][0][0][4]￭ (20, 5, 11, 0, 4, 0) (25, 5, 4, 0, 5, 0)
HBW -> REF [0][0][0][5]￭ (25, 5, 4, 0, 5, 0) (30, 5, 0, 0, 6, 0)
REF -> MS2 [0][0][1][h]- (30, 5, 0, 0, 6, 0) (30, 5, 8, 1, 6, 0)
MS2 -> NFC [0][1][1][6]￭ (30, 5, 8, 1, 6, 0) (35, 5, 3, 1, 7, 0)
NFC -> DSO [0][1][1][7]￭ (35, 5, 3, 1, 7, 0) (40, 5, 14, 1, 8, 0)
DSO -> MS6 [0][1][2][i]- (40, 5, 14, 1, 8, 0) (35, 5, 12, 2, 7, 0)
MS6 -> DSC [0][2][2][7]￭ (35, 5, 12, 2, 7, 0) (40, 5, 2, 2, 8, 0)
DSC -> DSO [0][2][2][8]￭ (40, 5, 2, 2, 8, 0) (45, 5, 14, 2, 9, 0)
DSO -> DSO [0][2][1][j]- (45, 5, 14, 2, 9, 0) (40, 5, 14, 1, 8, 0)
DSO -> REF [0][1][1][8]￮ (40, 5, 14, 1, 8, 0) (45, 5, 0, 1, 9, 0)
REF -> DSO [0][1][2][k]- (45, 5, 0, 1, 9, 0) (45, 5, 14, 2, 9, 0)
DSO -> REF [0][2][2][9]￮ (45, 5, 14, 2, 9, 0) (50, 5, 0, 2, 10, 0)
>>>>>>>>>>> ₛ  ₀  ₁  ₜ <<<<<<<<<<<<<<<<<<<<<<<<<<<<<<<<<<<
  Insertion refuted: overlay on MS1.
  Insertion refuted: null buffer in DSI.


  Schedule validation (sync 4):
>>>>>>>>>>> ₛ  ₀  ₁  ₜ <<<<<<<<<<<<<<<<<<<<<<<<<<<<<<<<<<<
REF -> DSI [0][0][0][0]￮ (0, 5, 0, 0, 0, 0) (5, 5, 1, 0, 1, 0)
DSI -> MS1 [0][0][0][1]⭑ (5, 5, 1, 0, 1, 0) (15, 5, 7, 0, 3, 0)
MS1 -> REF [0][0][1][a]- (15, 5, 7, 0, 3, 0) (5, 5, 0, 1, 1, 0)
REF -> HBW [0][1][1][1]￮ (5, 5, 0, 1, 1, 0) (10, 5, 4, 1, 2, 0)
HBW -> MS3 [0][1][1][2]⭑ (10, 5, 4, 1, 2, 0) (15, 5, 9, 1, 3, 0)
MS3 -> REF [0][1][2][b]- (15, 5, 9, 1, 3, 0) (10, 5, 0, 2, 2, 0)
REF -> DSI [0][2][2][2]￮ (10, 5, 0, 2, 2, 0) (15, 5, 1, 2, 3, 0)
DSI -> MS6 [0][2][2][3]⭑ (15, 5, 1, 2, 3, 0) (35, 5, 12, 2, 7, 0)
MS6 -> MS1 [0][2][0][c]- (35, 5, 12, 2, 7, 0) (15, 5, 7, 0, 3, 0)
MS1 -> MS5 [0][0][0][3]⭑ (15, 5, 7, 0, 3, 0) (20, 5, 11, 0, 4, 0)
MS5 -> MS3 [0][0][1][d]- (20, 5, 11, 0, 4, 0) (15, 5, 9, 1, 3, 0)
MS3 -> MS2 [0][1][1][3]⭑ (15, 5, 9, 1, 3, 0) (30, 5, 8, 1, 6, 0)
MS2 -> REF [0][1][0][e]- (30, 5, 8, 1, 6, 0) (0, 5, 0, 0, 0, 1)
REF -> DSI [1][0][0][0]p (0, 5, 0, 0, 0, 1) (5, 5, 1, 0, 1, 1)
DSI -> MS1 [1][0][0][1]p (5, 5, 1, 0, 1, 1) (10, 5, 7, 0, 2, 1)
MS1 -> NFC [1][0][0][2]p (10, 5, 7, 0, 2, 1) (15, 5, 3, 0, 3, 1)
NFC -> DSO [1][0][0][3]p (15, 5, 3, 0, 3, 1) (20, 5, 14, 0, 4, 1)
DSO -> REF [1][0][0][4]p (20, 5, 14, 0, 4, 1) (25, 5, 0, 0, 5, 1)
REF -> MS5 [1][0][0][f]- (25, 5, 0, 0, 5, 1) (20, 5, 11, 0, 4, 0)
MS5 -> HBW [0][0][0][4]￭ (20, 5, 11, 0, 4, 0) (25, 5, 4, 0, 5, 0)
HBW -> REF [0][0][0][5]￭ (25, 5, 4, 0, 5, 0) (30, 5, 0, 0, 6, 0)
REF -> MS2 [0][0][1][g]- (30, 5, 0, 0, 6, 0) (30, 5, 8, 1, 6, 0)
MS2 -> NFC [0][1][1][6]￭ (30, 5, 8, 1, 6, 0) (35, 5, 3, 1, 7, 0)
NFC -> DSO [0][1][1][7]￭ (35, 5, 3, 1, 7, 0) (40, 5, 14, 1, 8, 0)
DSO -> MS6 [0][1][2][h]- (40, 5, 14, 1, 8, 0) (35, 5, 12, 2, 7, 0)
MS6 -> DSC [0][2][2][7]￭ (35, 5, 12, 2, 7, 0) (40, 5, 2, 2, 8, 0)
DSC -> DSO [0][2][2][8]￭ (40, 5, 2, 2, 8, 0) (45, 5, 14, 2, 9, 0)
DSO -> DSO [0][2][1][i]- (45, 5, 14, 2, 9, 0) (40, 5, 14, 1, 8, 0)
DSO -> REF [0][1][1][8]￮ (40, 5, 14, 1, 8, 0) (45, 5, 0, 1, 9, 0)
REF -> DSO [0][1][2][j]- (45, 5, 0, 1, 9, 0) (45, 5, 14, 2, 9, 0)
DSO -> REF [0][2][2][9]￮ (45, 5, 14, 2, 9, 0) (50, 5, 0, 2, 10, 0)
>>>>>>>>>>> ₛ  ₀  ₁  ₜ <<<<<<<<<<<<<<<<<<<<<<<<<<<<<<<<<<<
  Insertion passed: no deadlocks.


  Schedule validation (sync 5):
>>>>>>>>>>> ₛ  ₀  ₁  ₜ <<<<<<<<<<<<<<<<<<<<<<<<<<<<<<<<<<<
REF -> DSI [0][0][0][0]￮ (0, 5, 0, 0, 0, 0) (5, 5, 1, 0, 1, 0)
DSI -> MS1 [0][0][0][1]⭑ (5, 5, 1, 0, 1, 0) (15, 5, 7, 0, 3, 0)
MS1 -> REF [0][0][1][a]- (15, 5, 7, 0, 3, 0) (5, 5, 0, 1, 1, 0)
REF -> HBW [0][1][1][1]￮ (5, 5, 0, 1, 1, 0) (10, 5, 4, 1, 2, 0)
HBW -> MS3 [0][1][1][2]⭑ (10, 5, 4, 1, 2, 0) (15, 5, 9, 1, 3, 0)
MS3 -> REF [0][1][2][b]- (15, 5, 9, 1, 3, 0) (10, 5, 0, 2, 2, 0)
REF -> DSI [0][2][2][2]￮ (10, 5, 0, 2, 2, 0) (15, 5, 1, 2, 3, 0)
DSI -> MS6 [0][2][2][3]⭑ (15, 5, 1, 2, 3, 0) (35, 5, 12, 2, 7, 0)
MS6 -> MS1 [0][2][0][c]- (35, 5, 12, 2, 7, 0) (15, 5, 7, 0, 3, 0)
MS1 -> MS5 [0][0][0][3]⭑ (15, 5, 7, 0, 3, 0) (20, 5, 11, 0, 4, 0)
MS5 -> MS3 [0][0][1][d]- (20, 5, 11, 0, 4, 0) (15, 5, 9, 1, 3, 0)
MS3 -> MS2 [0][1][1][3]⭑ (15, 5, 9, 1, 3, 0) (30, 5, 8, 1, 6, 0)
MS2 -> MS5 [0][1][0][e]- (30, 5, 8, 1, 6, 0) (20, 5, 11, 0, 4, 0)
MS5 -> HBW [0][0][0][4]￮ (20, 5, 11, 0, 4, 0) (25, 5, 4, 0, 5, 0)
HBW -> REF [0][0][0][f]- (25, 5, 4, 0, 5, 0) (0, 5, 0, 0, 0, 1)
REF -> DSI [1][0][0][0]p (0, 5, 0, 0, 0, 1) (5, 5, 1, 0, 1, 1)
DSI -> MS1 [1][0][0][1]p (5, 5, 1, 0, 1, 1) (10, 5, 7, 0, 2, 1)
MS1 -> NFC [1][0][0][2]p (10, 5, 7, 0, 2, 1) (15, 5, 3, 0, 3, 1)
NFC -> DSO [1][0][0][3]p (15, 5, 3, 0, 3, 1) (20, 5, 14, 0, 4, 1)
DSO -> REF [1][0][0][4]p (20, 5, 14, 0, 4, 1) (25, 5, 0, 0, 5, 1)
REF -> HBW [1][0][0][g]- (25, 5, 0, 0, 5, 1) (25, 5, 4, 0, 5, 0)
HBW -> REF [0][0][0][5]￭ (25, 5, 4, 0, 5, 0) (30, 5, 0, 0, 6, 0)
REF -> MS2 [0][0][1][h]- (30, 5, 0, 0, 6, 0) (30, 5, 8, 1, 6, 0)
MS2 -> NFC [0][1][1][6]￭ (30, 5, 8, 1, 6, 0) (35, 5, 3, 1, 7, 0)
NFC -> DSO [0][1][1][7]￭ (35, 5, 3, 1, 7, 0) (40, 5, 14, 1, 8, 0)
DSO -> MS6 [0][1][2][i]- (40, 5, 14, 1, 8, 0) (35, 5, 12, 2, 7, 0)
MS6 -> DSC [0][2][2][7]￭ (35, 5, 12, 2, 7, 0) (40, 5, 2, 2, 8, 0)
DSC -> DSO [0][2][2][8]￭ (40, 5, 2, 2, 8, 0) (45, 5, 14, 2, 9, 0)
DSO -> DSO [0][2][1][j]- (45, 5, 14, 2, 9, 0) (40, 5, 14, 1, 8, 0)
DSO -> REF [0][1][1][8]￮ (40, 5, 14, 1, 8, 0) (45, 5, 0, 1, 9, 0)
REF -> DSO [0][1][2][k]- (45, 5, 0, 1, 9, 0) (45, 5, 14, 2, 9, 0)
DSO -> REF [0][2][2][9]￮ (45, 5, 14, 2, 9, 0) (50, 5, 0, 2, 10, 0)
>>>>>>>>>>> ₛ  ₀  ₁  ₜ <<<<<<<<<<<<<<<<<<<<<<<<<<<<<<<<<<<
  Insertion passed: no deadlocks.


  Schedule validation (sync 6):
>>>>>>>>>>> ₛ  ₀  ₁  ₜ <<<<<<<<<<<<<<<<<<<<<<<<<<<<<<<<<<<
REF -> DSI [0][0][0][0]￮ (0, 5, 0, 0, 0, 0) (5, 5, 1, 0, 1, 0)
DSI -> MS1 [0][0][0][1]⭑ (5, 5, 1, 0, 1, 0) (15, 5, 7, 0, 3, 0)
MS1 -> REF [0][0][1][a]- (15, 5, 7, 0, 3, 0) (5, 5, 0, 1, 1, 0)
REF -> HBW [0][1][1][1]￮ (5, 5, 0, 1, 1, 0) (10, 5, 4, 1, 2, 0)
HBW -> MS3 [0][1][1][2]⭑ (10, 5, 4, 1, 2, 0) (15, 5, 9, 1, 3, 0)
MS3 -> REF [0][1][2][b]- (15, 5, 9, 1, 3, 0) (10, 5, 0, 2, 2, 0)
REF -> DSI [0][2][2][2]￮ (10, 5, 0, 2, 2, 0) (15, 5, 1, 2, 3, 0)
DSI -> MS6 [0][2][2][3]⭑ (15, 5, 1, 2, 3, 0) (35, 5, 12, 2, 7, 0)
MS6 -> MS1 [0][2][0][c]- (35, 5, 12, 2, 7, 0) (15, 5, 7, 0, 3, 0)
MS1 -> MS5 [0][0][0][3]⭑ (15, 5, 7, 0, 3, 0) (20, 5, 11, 0, 4, 0)
MS5 -> MS3 [0][0][1][d]- (20, 5, 11, 0, 4, 0) (15, 5, 9, 1, 3, 0)
MS3 -> MS2 [0][1][1][3]⭑ (15, 5, 9, 1, 3, 0) (30, 5, 8, 1, 6, 0)
MS2 -> MS5 [0][1][0][e]- (30, 5, 8, 1, 6, 0) (20, 5, 11, 0, 4, 0)
MS5 -> HBW [0][0][0][4]￭ (20, 5, 11, 0, 4, 0) (25, 5, 4, 0, 5, 0)
HBW -> REF [0][0][0][5]￭ (25, 5, 4, 0, 5, 0) (30, 5, 0, 0, 6, 0)
REF -> REF [0][0][0][f]- (30, 5, 0, 0, 6, 0) (0, 5, 0, 0, 0, 1)
REF -> DSI [1][0][0][0]p (0, 5, 0, 0, 0, 1) (5, 5, 1, 0, 1, 1)
DSI -> MS1 [1][0][0][1]p (5, 5, 1, 0, 1, 1) (10, 5, 7, 0, 2, 1)
MS1 -> NFC [1][0][0][2]p (10, 5, 7, 0, 2, 1) (15, 5, 3, 0, 3, 1)
NFC -> DSO [1][0][0][3]p (15, 5, 3, 0, 3, 1) (20, 5, 14, 0, 4, 1)
DSO -> REF [1][0][0][4]p (20, 5, 14, 0, 4, 1) (25, 5, 0, 0, 5, 1)
REF -> REF [1][0][0][g]- (25, 5, 0, 0, 5, 1) (30, 5, 0, 0, 6, 0)
REF -> MS2 [0][0][1][h]- (30, 5, 0, 0, 6, 0) (30, 5, 8, 1, 6, 0)
MS2 -> NFC [0][1][1][6]￭ (30, 5, 8, 1, 6, 0) (35, 5, 3, 1, 7, 0)
NFC -> DSO [0][1][1][7]￭ (35, 5, 3, 1, 7, 0) (40, 5, 14, 1, 8, 0)
DSO -> MS6 [0][1][2][i]- (40, 5, 14, 1, 8, 0) (35, 5, 12, 2, 7, 0)
MS6 -> DSC [0][2][2][7]￭ (35, 5, 12, 2, 7, 0) (40, 5, 2, 2, 8, 0)
DSC -> DSO [0][2][2][8]￭ (40, 5, 2, 2, 8, 0) (45, 5, 14, 2, 9, 0)
DSO -> DSO [0][2][1][j]- (45, 5, 14, 2, 9, 0) (40, 5, 14, 1, 8, 0)
DSO -> REF [0][1][1][8]￮ (40, 5, 14, 1, 8, 0) (45, 5, 0, 1, 9, 0)
REF -> DSO [0][1][2][k]- (45, 5, 0, 1, 9, 0) (45, 5, 14, 2, 9, 0)
DSO -> REF [0][2][2][9]￮ (45, 5, 14, 2, 9, 0) (50, 5, 0, 2, 10, 0)
>>>>>>>>>>> ₛ  ₀  ₁  ₜ <<<<<<<<<<<<<<<<<<<<<<<<<<<<<<<<<<<
  Insertion passed: no deadlocks.


  Schedule validation (sync 7):
>>>>>>>>>>> ₛ  ₀  ₁  ₜ <<<<<<<<<<<<<<<<<<<<<<<<<<<<<<<<<<<
REF -> DSI [0][0][0][0]￮ (0, 5, 0, 0, 0, 0) (5, 5, 1, 0, 1, 0)
DSI -> MS1 [0][0][0][1]⭑ (5, 5, 1, 0, 1, 0) (15, 5, 7, 0, 3, 0)
MS1 -> REF [0][0][1][a]- (15, 5, 7, 0, 3, 0) (5, 5, 0, 1, 1, 0)
REF -> HBW [0][1][1][1]￮ (5, 5, 0, 1, 1, 0) (10, 5, 4, 1, 2, 0)
HBW -> MS3 [0][1][1][2]⭑ (10, 5, 4, 1, 2, 0) (15, 5, 9, 1, 3, 0)
MS3 -> REF [0][1][2][b]- (15, 5, 9, 1, 3, 0) (10, 5, 0, 2, 2, 0)
REF -> DSI [0][2][2][2]￮ (10, 5, 0, 2, 2, 0) (15, 5, 1, 2, 3, 0)
DSI -> MS6 [0][2][2][3]⭑ (15, 5, 1, 2, 3, 0) (35, 5, 12, 2, 7, 0)
MS6 -> MS1 [0][2][0][c]- (35, 5, 12, 2, 7, 0) (15, 5, 7, 0, 3, 0)
MS1 -> MS5 [0][0][0][3]⭑ (15, 5, 7, 0, 3, 0) (20, 5, 11, 0, 4, 0)
MS5 -> MS3 [0][0][1][d]- (20, 5, 11, 0, 4, 0) (15, 5, 9, 1, 3, 0)
MS3 -> MS2 [0][1][1][3]⭑ (15, 5, 9, 1, 3, 0) (30, 5, 8, 1, 6, 0)
MS2 -> MS5 [0][1][0][e]- (30, 5, 8, 1, 6, 0) (20, 5, 11, 0, 4, 0)
MS5 -> HBW [0][0][0][4]￭ (20, 5, 11, 0, 4, 0) (25, 5, 4, 0, 5, 0)
HBW -> REF [0][0][0][5]￭ (25, 5, 4, 0, 5, 0) (30, 5, 0, 0, 6, 0)
REF -> MS2 [0][0][1][f]- (30, 5, 0, 0, 6, 0) (30, 5, 8, 1, 6, 0)
MS2 -> NFC [0][1][1][6]D (30, 5, 8, 1, 6, 0) (35, 5, 3, 1, 7, 0)
NFC -> REF [0][1][0][g]- (35, 5, 3, 1, 7, 0) (0, 5, 0, 0, 0, 1)
REF -> DSI [1][0][0][0]p (0, 5, 0, 0, 0, 1) (5, 5, 1, 0, 1, 1)
DSI -> MS1 [1][0][0][1]p (5, 5, 1, 0, 1, 1) (10, 5, 7, 0, 2, 1)
MS1 -> NFC [1][0][0][2]p (10, 5, 7, 0, 2, 1) (15, 5, 3, 0, 3, 1)
NFC -> DSO [1][0][0][3]p (15, 5, 3, 0, 3, 1) (20, 5, 14, 0, 4, 1)
DSO -> REF [1][0][0][4]p (20, 5, 14, 0, 4, 1) (25, 5, 0, 0, 5, 1)
REF -> NFC [1][0][1][h]- (25, 5, 0, 0, 5, 1) (35, 5, 3, 1, 7, 0)
NFC -> DSO [0][1][1][7]￭ (35, 5, 3, 1, 7, 0) (40, 5, 14, 1, 8, 0)
DSO -> MS6 [0][1][2][i]- (40, 5, 14, 1, 8, 0) (35, 5, 12, 2, 7, 0)
MS6 -> DSC [0][2][2][7]￭ (35, 5, 12, 2, 7, 0) (40, 5, 2, 2, 8, 0)
DSC -> DSO [0][2][2][8]￭ (40, 5, 2, 2, 8, 0) (45, 5, 14, 2, 9, 0)
DSO -> DSO [0][2][1][j]- (45, 5, 14, 2, 9, 0) (40, 5, 14, 1, 8, 0)
DSO -> REF [0][1][1][8]￮ (40, 5, 14, 1, 8, 0) (45, 5, 0, 1, 9, 0)
REF -> DSO [0][1][2][k]- (45, 5, 0, 1, 9, 0) (45, 5, 14, 2, 9, 0)
DSO -> REF [0][2][2][9]￮ (45, 5, 14, 2, 9, 0) (50, 5, 0, 2, 10, 0)
>>>>>>>>>>> ₛ  ₀  ₁  ₜ <<<<<<<<<<<<<<<<<<<<<<<<<<<<<<<<<<<
  Insertion refuted: null buffer in NFC.


  Schedule validation (sync 8):
>>>>>>>>>>> ₛ  ₀  ₁  ₜ <<<<<<<<<<<<<<<<<<<<<<<<<<<<<<<<<<<
REF -> DSI [0][0][0][0]￮ (0, 5, 0, 0, 0, 0) (5, 5, 1, 0, 1, 0)
DSI -> MS1 [0][0][0][1]⭑ (5, 5, 1, 0, 1, 0) (15, 5, 7, 0, 3, 0)
MS1 -> REF [0][0][1][a]- (15, 5, 7, 0, 3, 0) (5, 5, 0, 1, 1, 0)
REF -> HBW [0][1][1][1]￮ (5, 5, 0, 1, 1, 0) (10, 5, 4, 1, 2, 0)
HBW -> MS3 [0][1][1][2]⭑ (10, 5, 4, 1, 2, 0) (15, 5, 9, 1, 3, 0)
MS3 -> REF [0][1][2][b]- (15, 5, 9, 1, 3, 0) (10, 5, 0, 2, 2, 0)
REF -> DSI [0][2][2][2]￮ (10, 5, 0, 2, 2, 0) (15, 5, 1, 2, 3, 0)
DSI -> MS6 [0][2][2][3]⭑ (15, 5, 1, 2, 3, 0) (35, 5, 12, 2, 7, 0)
MS6 -> MS1 [0][2][0][c]- (35, 5, 12, 2, 7, 0) (15, 5, 7, 0, 3, 0)
MS1 -> MS5 [0][0][0][3]⭑ (15, 5, 7, 0, 3, 0) (20, 5, 11, 0, 4, 0)
MS5 -> MS3 [0][0][1][d]- (20, 5, 11, 0, 4, 0) (15, 5, 9, 1, 3, 0)
MS3 -> MS2 [0][1][1][3]⭑ (15, 5, 9, 1, 3, 0) (30, 5, 8, 1, 6, 0)
MS2 -> MS5 [0][1][0][e]- (30, 5, 8, 1, 6, 0) (20, 5, 11, 0, 4, 0)
MS5 -> HBW [0][0][0][4]￭ (20, 5, 11, 0, 4, 0) (25, 5, 4, 0, 5, 0)
HBW -> REF [0][0][0][5]￭ (25, 5, 4, 0, 5, 0) (30, 5, 0, 0, 6, 0)
REF -> MS2 [0][0][1][f]- (30, 5, 0, 0, 6, 0) (30, 5, 8, 1, 6, 0)
MS2 -> NFC [0][1][1][6]￭ (30, 5, 8, 1, 6, 0) (35, 5, 3, 1, 7, 0)
NFC -> DSO [0][1][1][7]￭ (35, 5, 3, 1, 7, 0) (40, 5, 14, 1, 8, 0)
DSO -> MS6 [0][1][2][g]- (40, 5, 14, 1, 8, 0) (35, 5, 12, 2, 7, 0)
MS6 -> DSC [0][2][2][7]D (35, 5, 12, 2, 7, 0) (40, 5, 2, 2, 8, 0)
DSC -> REF [0][2][0][h]- (40, 5, 2, 2, 8, 0) (0, 5, 0, 0, 0, 1)
REF -> DSI [1][0][0][0]p (0, 5, 0, 0, 0, 1) (5, 5, 1, 0, 1, 1)
DSI -> MS1 [1][0][0][1]p (5, 5, 1, 0, 1, 1) (10, 5, 7, 0, 2, 1)
MS1 -> NFC [1][0][0][2]p (10, 5, 7, 0, 2, 1) (15, 5, 3, 0, 3, 1)
NFC -> DSO [1][0][0][3]p (15, 5, 3, 0, 3, 1) (20, 5, 14, 0, 4, 1)
DSO -> REF [1][0][0][4]p (20, 5, 14, 0, 4, 1) (25, 5, 0, 0, 5, 1)
REF -> DSC [1][0][2][i]- (25, 5, 0, 0, 5, 1) (40, 5, 2, 2, 8, 0)
DSC -> DSO [0][2][2][8]￭ (40, 5, 2, 2, 8, 0) (45, 5, 14, 2, 9, 0)
DSO -> DSO [0][2][1][j]- (45, 5, 14, 2, 9, 0) (40, 5, 14, 1, 8, 0)
DSO -> REF [0][1][1][8]￮ (40, 5, 14, 1, 8, 0) (45, 5, 0, 1, 9, 0)
REF -> DSO [0][1][2][k]- (45, 5, 0, 1, 9, 0) (45, 5, 14, 2, 9, 0)
DSO -> REF [0][2][2][9]￮ (45, 5, 14, 2, 9, 0) (50, 5, 0, 2, 10, 0)
>>>>>>>>>>> ₛ  ₀  ₁  ₜ <<<<<<<<<<<<<<<<<<<<<<<<<<<<<<<<<<<
  Insertion refuted: null buffer in DSC.


  Schedule validation (sync 9):
>>>>>>>>>>> ₛ  ₀  ₁  ₜ <<<<<<<<<<<<<<<<<<<<<<<<<<<<<<<<<<<
REF -> DSI [0][0][0][0]￮ (0, 5, 0, 0, 0, 0) (5, 5, 1, 0, 1, 0)
DSI -> MS1 [0][0][0][1]⭑ (5, 5, 1, 0, 1, 0) (15, 5, 7, 0, 3, 0)
MS1 -> REF [0][0][1][a]- (15, 5, 7, 0, 3, 0) (5, 5, 0, 1, 1, 0)
REF -> HBW [0][1][1][1]￮ (5, 5, 0, 1, 1, 0) (10, 5, 4, 1, 2, 0)
HBW -> MS3 [0][1][1][2]⭑ (10, 5, 4, 1, 2, 0) (15, 5, 9, 1, 3, 0)
MS3 -> REF [0][1][2][b]- (15, 5, 9, 1, 3, 0) (10, 5, 0, 2, 2, 0)
REF -> DSI [0][2][2][2]￮ (10, 5, 0, 2, 2, 0) (15, 5, 1, 2, 3, 0)
DSI -> MS6 [0][2][2][3]⭑ (15, 5, 1, 2, 3, 0) (35, 5, 12, 2, 7, 0)
MS6 -> MS1 [0][2][0][c]- (35, 5, 12, 2, 7, 0) (15, 5, 7, 0, 3, 0)
MS1 -> MS5 [0][0][0][3]⭑ (15, 5, 7, 0, 3, 0) (20, 5, 11, 0, 4, 0)
MS5 -> MS3 [0][0][1][d]- (20, 5, 11, 0, 4, 0) (15, 5, 9, 1, 3, 0)
MS3 -> MS2 [0][1][1][3]⭑ (15, 5, 9, 1, 3, 0) (30, 5, 8, 1, 6, 0)
MS2 -> MS5 [0][1][0][e]- (30, 5, 8, 1, 6, 0) (20, 5, 11, 0, 4, 0)
MS5 -> HBW [0][0][0][4]￭ (20, 5, 11, 0, 4, 0) (25, 5, 4, 0, 5, 0)
HBW -> REF [0][0][0][5]￭ (25, 5, 4, 0, 5, 0) (30, 5, 0, 0, 6, 0)
REF -> MS2 [0][0][1][f]- (30, 5, 0, 0, 6, 0) (30, 5, 8, 1, 6, 0)
MS2 -> NFC [0][1][1][6]￭ (30, 5, 8, 1, 6, 0) (35, 5, 3, 1, 7, 0)
NFC -> DSO [0][1][1][7]￭ (35, 5, 3, 1, 7, 0) (40, 5, 14, 1, 8, 0)
DSO -> MS6 [0][1][2][g]- (40, 5, 14, 1, 8, 0) (35, 5, 12, 2, 7, 0)
MS6 -> DSC [0][2][2][7]￭ (35, 5, 12, 2, 7, 0) (40, 5, 2, 2, 8, 0)
DSC -> DSO [0][2][2][8]￭ (40, 5, 2, 2, 8, 0) (45, 5, 14, 2, 9, 0)
DSO -> DSO [0][2][1][h]- (45, 5, 14, 2, 9, 0) (40, 5, 14, 1, 8, 0)
DSO -> REF [0][1][1][8]￭ (40, 5, 14, 1, 8, 0) (45, 5, 0, 1, 9, 0)
REF -> REF [0][1][0][i]- (45, 5, 0, 1, 9, 0) (0, 5, 0, 0, 0, 1)
REF -> DSI [1][0][0][0]p (0, 5, 0, 0, 0, 1) (5, 5, 1, 0, 1, 1)
DSI -> MS1 [1][0][0][1]p (5, 5, 1, 0, 1, 1) (10, 5, 7, 0, 2, 1)
MS1 -> NFC [1][0][0][2]p (10, 5, 7, 0, 2, 1) (15, 5, 3, 0, 3, 1)
NFC -> DSO [1][0][0][3]p (15, 5, 3, 0, 3, 1) (20, 5, 14, 0, 4, 1)
DSO -> REF [1][0][0][4]p (20, 5, 14, 0, 4, 1) (25, 5, 0, 0, 5, 1)
REF -> REF [1][0][1][j]- (25, 5, 0, 0, 5, 1) (45, 5, 0, 1, 9, 0)
REF -> DSO [0][1][2][k]- (45, 5, 0, 1, 9, 0) (45, 5, 14, 2, 9, 0)
DSO -> REF [0][2][2][9]￮ (45, 5, 14, 2, 9, 0) (50, 5, 0, 2, 10, 0)
>>>>>>>>>>> ₛ  ₀  ₁  ₜ <<<<<<<<<<<<<<<<<<<<<<<<<<<<<<<<<<<
  Insertion passed: no deadlocks.


  Schedule validation (sync 10):
>>>>>>>>>>> ₛ  ₀  ₁  ₜ <<<<<<<<<<<<<<<<<<<<<<<<<<<<<<<<<<<
REF -> DSI [0][0][0][0]￮ (0, 5, 0, 0, 0, 0) (5, 5, 1, 0, 1, 0)
DSI -> MS1 [0][0][0][1]⭑ (5, 5, 1, 0, 1, 0) (15, 5, 7, 0, 3, 0)
MS1 -> REF [0][0][1][a]- (15, 5, 7, 0, 3, 0) (5, 5, 0, 1, 1, 0)
REF -> HBW [0][1][1][1]￮ (5, 5, 0, 1, 1, 0) (10, 5, 4, 1, 2, 0)
HBW -> MS3 [0][1][1][2]⭑ (10, 5, 4, 1, 2, 0) (15, 5, 9, 1, 3, 0)
MS3 -> REF [0][1][2][b]- (15, 5, 9, 1, 3, 0) (10, 5, 0, 2, 2, 0)
REF -> DSI [0][2][2][2]￮ (10, 5, 0, 2, 2, 0) (15, 5, 1, 2, 3, 0)
DSI -> MS6 [0][2][2][3]⭑ (15, 5, 1, 2, 3, 0) (35, 5, 12, 2, 7, 0)
MS6 -> MS1 [0][2][0][c]- (35, 5, 12, 2, 7, 0) (15, 5, 7, 0, 3, 0)
MS1 -> MS5 [0][0][0][3]⭑ (15, 5, 7, 0, 3, 0) (20, 5, 11, 0, 4, 0)
MS5 -> MS3 [0][0][1][d]- (20, 5, 11, 0, 4, 0) (15, 5, 9, 1, 3, 0)
MS3 -> MS2 [0][1][1][3]⭑ (15, 5, 9, 1, 3, 0) (30, 5, 8, 1, 6, 0)
MS2 -> MS5 [0][1][0][e]- (30, 5, 8, 1, 6, 0) (20, 5, 11, 0, 4, 0)
MS5 -> HBW [0][0][0][4]￭ (20, 5, 11, 0, 4, 0) (25, 5, 4, 0, 5, 0)
HBW -> REF [0][0][0][5]￭ (25, 5, 4, 0, 5, 0) (30, 5, 0, 0, 6, 0)
REF -> MS2 [0][0][1][f]- (30, 5, 0, 0, 6, 0) (30, 5, 8, 1, 6, 0)
MS2 -> NFC [0][1][1][6]￭ (30, 5, 8, 1, 6, 0) (35, 5, 3, 1, 7, 0)
NFC -> DSO [0][1][1][7]￭ (35, 5, 3, 1, 7, 0) (40, 5, 14, 1, 8, 0)
DSO -> MS6 [0][1][2][g]- (40, 5, 14, 1, 8, 0) (35, 5, 12, 2, 7, 0)
MS6 -> DSC [0][2][2][7]￭ (35, 5, 12, 2, 7, 0) (40, 5, 2, 2, 8, 0)
DSC -> DSO [0][2][2][8]￭ (40, 5, 2, 2, 8, 0) (45, 5, 14, 2, 9, 0)
DSO -> DSO [0][2][1][h]- (45, 5, 14, 2, 9, 0) (40, 5, 14, 1, 8, 0)
DSO -> REF [0][1][1][8]￮ (40, 5, 14, 1, 8, 0) (45, 5, 0, 1, 9, 0)
REF -> DSO [0][1][2][i]- (45, 5, 0, 1, 9, 0) (45, 5, 14, 2, 9, 0)
DSO -> REF [0][2][2][9]￭ (45, 5, 14, 2, 9, 0) (50, 5, 0, 2, 10, 0)
REF -> REF [0][2][0][j]- (50, 5, 0, 2, 10, 0) (0, 5, 0, 0, 0, 1)
REF -> DSI [1][0][0][0]p (0, 5, 0, 0, 0, 1) (5, 5, 1, 0, 1, 1)
DSI -> MS1 [1][0][0][1]p (5, 5, 1, 0, 1, 1) (10, 5, 7, 0, 2, 1)
MS1 -> NFC [1][0][0][2]p (10, 5, 7, 0, 2, 1) (15, 5, 3, 0, 3, 1)
NFC -> DSO [1][0][0][3]p (15, 5, 3, 0, 3, 1) (20, 5, 14, 0, 4, 1)
DSO -> REF [1][0][0][4]p (20, 5, 14, 0, 4, 1) (25, 5, 0, 0, 5, 1)
REF -> REF [1][0][2][k]- (25, 5, 0, 0, 5, 1) (50, 5, 0, 2, 10, 0)
>>>>>>>>>>> ₛ  ₀  ₁  ₜ <<<<<<<<<<<<<<<<<<<<<<<<<<<<<<<<<<<
  Insertion passed: no deadlocks.

